% function evaluation | noise-free fitness - Fopt (1.238300000000e+02) | best noise-free fitness - Fopt | measured fitness | best measured fitness | x1 | x2...
1 +6.917764607e+02 +6.917764607e+02 +8.156064607e+02 +8.156064607e+02 +3.9626e-01 +8.8361e-01 +6.1895e-01 +2.1920e-02 +3.5216e-01 +2.2779e-01 +9.8681e-01 +6.5994e-01 +1.6091e-01 +2.7197e-01
2 +6.283891750e+02 +6.283891750e+02 +7.522191750e+02 +7.522191750e+02 +7.9131e-01 +8.7726e-01 +8.1874e-01 +5.7902e-01 +1.0332e-01 +3.3974e-01 +9.9759e-01 +2.2981e-01 +6.3476e-01 +7.4725e-01
4 +3.949196996e+02 +3.949196996e+02 +5.187496996e+02 +5.187496996e+02 +5.5895e-01 +4.6164e-02 +1.6035e-01 +9.5216e-01 +2.7107e-01 +6.7921e-01 +8.0063e-01 +3.8442e-01 +1.1419e-01 +5.4264e-01
5 +1.589829446e+02 +1.589829446e+02 +2.828129446e+02 +2.828129446e+02 +6.5912e-01 +2.0352e-01 +7.8626e-01 +2.8849e-01 +4.2843e-01 +3.3283e-01 +1.3810e-01 +5.0922e-02 +5.2649e-01 +3.8942e-01
26 +1.261500096e+02 +1.261500096e+02 +2.499800096e+02 +2.499800096e+02 +4.0994e-01 +2.7057e-01 +7.6410e-01 +3.3523e-01 +4.2024e-01 +7.2485e-02 +2.2438e-01 +2.9517e-02 +5.7761e-01 +0.0000e+00
64 +8.905446809e+01 +8.905446809e+01 +2.128844681e+02 +2.128844681e+02 +2.5690e-01 +4.3203e-01 +6.5033e-01 +4.0800e-01 +5.6039e-01 +7.4874e-02 +0.0000e+00 +5.2289e-02 +7.7103e-01 +0.0000e+00
101 +5.653782855e+01 +5.653782855e+01 +1.803678285e+02 +1.803678285e+02 +2.5507e-02 +0.0000e+00 +0.0000e+00 +4.3202e-01 +0.0000e+00 +3.0894e-01 +3.6013e-01 +0.0000e+00 +0.0000e+00 +1.9274e-01
243 +3.827452853e+01 +3.827452853e+01 +1.621045285e+02 +1.621045285e+02 +1.2559e-01 +0.0000e+00 +3.3928e-02 +7.5338e-01 +7.9343e-02 +2.1270e-01 +6.1952e-02 +2.9698e-02 +7.1208e-01 +1.7118e-02
% function evaluation | noise-free fitness - Fopt (4.751000000000e+01) | best noise-free fitness - Fopt | measured fitness | best measured fitness | x1 | x2...
1 +1.086288501e+03 +1.086288501e+03 +1.133798501e+03 +1.133798501e+03 +3.4860e-02 +6.9154e-01 +7.4603e-01 +9.9575e-01 +6.6787e-01 +9.0040e-01 +5.8987e-01 +6.0451e-01 +7.1916e-01 +6.7862e-01
2 +6.331952550e+02 +6.331952550e+02 +6.807052550e+02 +6.807052550e+02 +8.0289e-01 +5.1107e-01 +1.1946e-01 +6.5769e-01 +7.4107e-01 +4.9068e-01 +7.3309e-01 +6.9766e-01 +8.8281e-01 +1.0652e-01
3 +5.224937720e+02 +5.224937720e+02 +5.700037720e+02 +5.700037720e+02 +6.4671e-01 +6.9190e-01 +6.0165e-01 +6.1376e-01 +8.5011e-01 +4.2462e-03 +4.6470e-02 +6.2252e-01 +5.0652e-01 +3.6104e-01
4 +1.934625806e+02 +1.934625806e+02 +2.409725806e+02 +2.409725806e+02 +3.0814e-01 +9.8146e-02 +1.4422e-01 +2.0493e-01 +4.8880e-02 +2.0764e-01 +3.6719e-01 +6.1150e-01 +3.0545e-01 +3.3169e-01
45 +1.216210560e+02 +1.216210560e+02 +1.691310560e+02 +1.691310560e+02 +3.0065e-02 +1.9226e-02 +0.0000e+00 +3.4447e-01 +0.0000e+00 +1.7838e-01 +3.7731e-01 +9.7713e-01 +2.0999e-01 +1.9142e-01
65 +8.279156126e+01 +8.279156126e+01 +1.303015613e+02 +1.303015613e+02 +0.0000e+00 +6.3084e-03 +0.0000e+00 +9.0081e-02 +0.0000e+00 +0.0000e+00 +2.0423e-01 +4.7713e-01 +2.0417e-02 +2.4450e-01
92 +5.980473969e+01 +5.980473969e+01 +1.073147397e+02 +1.073147397e+02 +0.0000e+00 +0.0000e+00 +0.0000e+00 +0.0000e+00 +0.0000e+00 +0.0000e+00 +3.3876e-02 +0.0000e+00 +2.3368e-02 +6.5139e-02
% function evaluation | noise-free fitness - Fopt (5.534000000000e+01) | best noise-free fitness - Fopt | measured fitness | best measured fitness | x1 | x2...
1 +3.125638074e+02 +3.125638074e+02 +3.679038074e+02 +3.679038074e+02 +1.7869e-01 +1.5864e-01 +3.9246e-01 +5.3835e-01 +3.5637e-01 +3.9619e-01 +9.7854e-01 +1.7154e-02 +2.0529e-01 +2.4310e-01
3 +1.270151723e+02 +1.270151723e+02 +1.823551723e+02 +1.823551723e+02 +7.2659e-01 +5.8073e-01 +7.5101e-02 +7.6480e-02 +1.4858e-01 +5.4652e-02 +9.8702e-01 +8.1808e-01 +6.4555e-01 +5.2837e-01
38 +9.077099316e+01 +9.077099316e+01 +1.461109932e+02 +1.461109932e+02 +5.6916e-01 +4.4309e-01 +2.6570e-01 +2.6846e-01 +6.0690e-01 +4.0855e-01 +1.0000e+00 +1.0000e+00 +5.2342e-01 +2.3354e-01
106 +5.885072657e+01 +5.885072657e+01 +1.141907266e+02 +1.141907266e+02 +5.1839e-01 +4.4380e-01 +1.4619e-01 +0.0000e+00 +0.0000e+00 +0.0000e+00 +7.9285e-01 +0.0000e+00 +1.0000e+00 +0.0000e+00
111 +3.672336181e+01 +3.672336181e+01 +9.206336181e+01 +9.206336181e+01 +7.6590e-01 +9.6567e-01 +1.2093e-01 +0.0000e+00 +5.9406e-02 +0.0000e+00 +3.2438e-01 +1.7592e-01 +9.9161e-01 +4.9474e-02
350 +2.480741337e+01 +2.480741337e+01 +8.014741337e+01 +8.014741337e+01 +6.1042e-01 +9.3082e-01 +1.8014e-02 +0.0000e+00 +2.9635e-02 +3.8972e-03 +4.6399e-01 +2.3585e-01 +9.9605e-01 +8.1169e-03
% function evaluation | noise-free fitness - Fopt (-9.033000000000e+01) | best noise-free fitness - Fopt | measured fitness | best measured fitness | x1 | x2...
1 +3.084775704e+03 +3.084775704e+03 +2.994445704e+03 +2.994445704e+03 +5.6485e-01 +8.3247e-01 +5.1719e-01 +7.6688e-01 +8.9148e-01 +7.2411e-01 +4.1908e-02 +9.0110e-01 +6.9651e-01 +5.6585e-01
2 +6.967586724e+02 +6.967586724e+02 +6.064286724e+02 +6.064286724e+02 +4.8058e-01 +7.1296e-01 +1.4382e-01 +1.4798e-01 +6.3377e-01 +2.4297e-02 +1.1424e-01 +3.9274e-01 +1.4559e-01 +3.7814e-01
14 +3.637870572e+02 +3.637870572e+02 +2.734570572e+02 +2.734570572e+02 +5.0105e-01 +2.8008e-01 +7.2620e-01 +5.4129e-02 +4.5779e-01 +1.9498e-01 +1.8910e-01 +1.6531e-02 +1.4575e-01 +5.9071e-02
52 +1.934949141e+02 +1.934949141e+02 +1.031649141e+02 +1.031649141e+02 +2.4164e-01 +0.0000e+00 +5.9374e-01 +6.0959e-01 +4.1724e-01 +0.0000e+00 +4.5323e-01 +4.0289e-02 +2.0048e-01 +3.7773e-03
61 +1.225544925e+02 +1.225544925e+02 +3.222449252e+01 +3.222449252e+01 +0.0000e+00 +1.1192e-01 +0.0000e+00 +4.2561e-02 +5.7444e-01 +1.0194e-01 +7.2261e-01 +0.0000e+00 +0.0000e+00 +1.6245e-01
86 +7.264451702e+01 +7.264451702e+01 -1.768548298e+01 -1.768548298e+01 +0.0000e+00 +0.0000e+00 +1.8789e-02 +1.3632e-01 +3.8355e-01 +3.9703e-02 +3.9947e-01 +0.0000e+00 +0.0000e+00 +0.0000e+00
143 +6.273706339e+01 +6.273706339e+01 -2.759293661e+01 -2.759293661e+01 +9.0048e-02 +0.0000e+00 +4.8072e-03 +1.7833e-01 +4.4680e-01 +1.3892e-01 +4.3684e-01 +0.0000e+00 +2.2903e-01 +3.9618e-01
248 +3.816833442e+01 +3.816833442e+01 -5.216166558e+01 -5.216166558e+01 +7.0111e-03 +0.0000e+00 +1.6185e-02 +8.4313e-02 +2.2791e-01 +0.0000e+00 +4.2718e-01 +0.0000e+00 +0.0000e+00 +3.1496e-01
% function evaluation | noise-free fitness - Fopt (6.561000000000e+01) | best noise-free fitness - Fopt | measured fitness | best measured fitness | x1 | x2...
1 +5.560209349e+02 +5.560209349e+02 +6.216309349e+02 +6.216309349e+02 +6.6582e-02 +2.6133e-01 +3.1046e-01 +3.2063e-02 +4.4654e-02 +5.4130e-01 +7.6116e-01 +3.9015e-01 +4.6926e-01 +9.7661e-01
6 +2.087502471e+02 +2.087502471e+02 +2.743602471e+02 +2.743602471e+02 +4.7350e-01 +6.2963e-02 +1.8128e-01 +6.6272e-03 +2.9121e-01 +3.1071e-01 +4.1254e-01 +4.4228e-01 +2.7220e-01 +1.1008e-01
57 +1.460914789e+02 +1.460914789e+02 +2.117014789e+02 +2.117014789e+02 +4.3295e-01 +3.3640e-01 +0.0000e+00 +2.3426e-01 +0.0000e+00 +5.1146e-01 +0.0000e+00 +4.0156e-01 +0.0000e+00 +5.0000e-01
77 +7.501828184e+01 +7.501828184e+01 +1.406282818e+02 +1.406282818e+02 +0.0000e+00 +2.9485e-01 +1.2217e-01 +0.0000e+00 +0.0000e+00 +1.8001e-01 +0.0000e+00 +8.7064e-02 +0.0000e+00 +1.0563e-01
97 +6.070155272e+01 +6.070155272e+01 +1.263115527e+02 +1.263115527e+02 +0.0000e+00 +2.9586e-01 +2.6806e-01 +8.1116e-02 +0.0000e+00 +0.0000e+00 +0.0000e+00 +0.0000e+00 +0.0000e+00 +0.0000e+00
306 +3.831982642e+01 +3.831982642e+01 +1.039298264e+02 +1.039298264e+02 +0.0000e+00 +4.0756e-02 +9.5268e-01 +1.7722e-01 +0.0000e+00 +3.6051e-01 +5.9677e-02 +4.6032e-03 +6.8498e-02 +6.7336e-02
% function evaluation | noise-free fitness - Fopt (-1.536000000000e+01) | best noise-free fitness - Fopt | measured fitness | best measured fitness | x1 | x2...
1 +1.662003149e+02 +1.662003149e+02 +1.508403149e+02 +1.508403149e+02 +6.9758e-01 +6.4760e-03 +7.1607e-02 +7.0864e-01 +2.1292e-01 +4.1765e-01 +1.0540e-01 +3.7238e-01 +7.2765e-01 +4.3470e-01
39 +1.027867133e+02 +1.027867133e+02 +8.742671328e+01 +8.742671328e+01 +1.7768e-01 +6.8585e-02 +2.7502e-01 +5.8668e-01 +1.8557e-01 +8.0975e-02 +3.6755e-01 +0.0000e+00 +2.6018e-01 +0.0000e+00
64 +8.323278664e+01 +8.323278664e+01 +6.787278664e+01 +6.787278664e+01 +5.4383e-01 +9.6284e-02 +0.0000e+00 +4.6696e-01 +9.3875e-03 +1.2612e-02 +0.0000e+00 +5.5472e-01 +5.2306e-01 +2.2077e-01
91 +5.903597635e+01 +5.903597635e+01 +4.367597635e+01 +4.367597635e+01 +5.7795e-01 +2.1548e-01 +1.0544e-01 +3.7234e-01 +0.0000e+00 +1.3053e-01 +1.4979e-01 +2.6119e-01 +3.7555e-01 +2.7774e-01
182 +3.435124394e+01 +3.435124394e+01 +1.899124394e+01 +1.899124394e+01 +8.0517e-01 +4.6992e-02 +0.0000e+00 +4.4060e-01 +0.0000e+00 +1.0734e-01 +2.4575e-01 +2.6987e-01 +1.3294e-01 +5.2293e-03
% function evaluation | noise-free fitness - Fopt (-1.318000000000e+01) | best noise-free fitness - Fopt | measured fitness | best measured fitness | x1 | x2...
1 +4.446808978e+02 +4.446808978e+02 +4.315008978e+02 +4.315008978e+02 +7.9010e-01 +8.2987e-01 +5.1386e-01 +5.5926e-01 +2.3090e-01 +5.2559e-01 +3.0738e-01 +1.0622e-01 +6.6134e-01 +3.2791e-01
8 +2.933392673e+02 +2.933392673e+02 +2.801592673e+02 +2.801592673e+02 +4.1651e-01 +2.3699e-02 +7.3202e-01 +7.7126e-01 +9.1036e-01 +4.9228e-01 +2.2474e-01 +2.8889e-02 +1.6031e-01 +4.7047e-01
23 +1.855912190e+02 +1.855912190e+02 +1.724112190e+02 +1.724112190e+02 +2.6859e-01 +3.6782e-01 +5.1008e-01 +7.6832e-01 +4.5899e-01 +3.3125e-02 +5.7174e-01 +2.3291e-02 +2.9654e-01 +0.0000e+00
71 +1.487094267e+02 +1.487094267e+02 +1.355294267e+02 +1.355294267e+02 +2.3764e-01 +1.4333e-01 +4.0105e-01 +1.0000e+00 +3.8412e-01 +5.4392e-01 +0.0000e+00 +3.0807e-01 +0.0000e+00 +0.0000e+00
135 +9.176869756e+01 +9.176869756e+01 +7.858869756e+01 +7.858869756e+01 +6.4859e-03 +4.1524e-01 +6.9261e-01 +1.0000e+00 +2.5042e-01 +0.0000e+00 +0.0000e+00 +0.0000e+00 +0.0000e+00 +0.0000e+00
203 +6.244314058e+01 +6.244314058e+01 +4.926314058e+01 +4.926314058e+01 +0.0000e+00 +0.0000e+00 +1.3690e-02 +1.5142e-01 +0.0000e+00 +0.0000e+00 +0.0000e+00 +2.1204e-02 +0.0000e+00 +0.0000e+00
% function evaluation | noise-free fitness - Fopt (-6.052000000000e+01) | best noise-free fitness - Fopt | measured fitness | best measured fitness | x1 | x2...
1 +1.999989839e+02 +1.999989839e+02 +1.394789839e+02 +1.394789839e+02 +5.5794e-02 +8.2170e-01 +5.9931e-01 +9.0253e-01 +3.5715e-01 +1.3370e-01 +5.5952e-01 +6.2994e-01 +1.5826e-01 +7.6108e-01
36 +9.522532978e+01 +9.522532978e+01 +3.470532978e+01 +3.470532978e+01 +0.0000e+00 +4.0865e-01 +7.4884e-01 +1.3505e-01 +9.5830e-01 +9.9483e-02 +7.9076e-01 +3.7035e-01 +3.8501e-01 +0.0000e+00
77 +6.301235851e+01 +6.301235851e+01 +2.492358509e+00 +2.492358509e+00 +0.0000e+00 +2.4006e-01 +1.0000e+00 +0.0000e+00 +1.0000e+00 +0.0000e+00 +6.4651e-01 +5.3153e-01 +1.4157e-01 +7.2989e-02
% function evaluation | noise-free fitness - Fopt (1.844000000000e+02) | best noise-free fitness - Fopt | measured fitness | best measured fitness | x1 | x2...
1 +1.186323745e+03 +1.186323745e+03 +1.370723745e+03 +1.370723745e+03 +3.9733e-01 +5.1859e-01 +4.5243e-01 +9.3975e-01 +6.8834e-01 +6.2878e-01 +1.7005e-02 +7.5120e-01 +9.4815e-01 +9.3347e-02
3 +7.812275260e+02 +7.812275260e+02 +9.656275260e+02 +9.656275260e+02 +4.8542e-02 +1.7260e-03 +8.4351e-01 +6.7689e-01 +9.1245e-01 +9.2828e-01 +5.3795e-01 +2.1863e-01 +6.2034e-01 +6.4837e-01
11 +4.655208169e+02 +4.655208169e+02 +6.499208169e+02 +6.499208169e+02 +2.5000e-01 +5.6612e-01 +4.8893e-01 +1.9013e-01 +5.3218e-02 +1.4034e-01 +3.3051e-01 +1.1040e-01 +9.3721e-01 +8.8411e-01
13 +2.853374802e+02 +2.853374802e+02 +4.697374802e+02 +4.697374802e+02 +2.3877e-01 +5.5993e-01 +4.6432e-01 +3.9880e-02 +3.8134e-02 +3.3354e-01 +3.0618e-02 +2.1472e-01 +2.6944e-01 +4.9366e-01
33 +1.670779268e+02 +1.670779268e+02 +3.514779268e+02 +3.514779268e+02 +5.4277e-02 +2.4507e-01 +6.2958e-01 +1.6357e-01 +2.2834e-02 +1.1410e-01 +2.9570e-02 +7.1472e-01 +1.6643e-01 +8.7217e-01
60 +1.046127619e+02 +1.046127619e+02 +2.890127619e+02 +2.890127619e+02 +4.9627e-02 +1.9127e-01 +1.1235e-01 +0.0000e+00 +4.5894e-01 +1.4482e-01 +2.1935e-01 +9.2204e-02 +2.1074e-01 +1.9958e-01
67 +7.859883960e+01 +7.859883960e+01 +2.629988396e+02 +2.629988396e+02 +0.0000e+00 +2.9249e-02 +2.7325e-01 +4.4367e-01 +3.7628e-01 +1.8942e-01 +1.9848e-01 +4.3709e-01 +4.3427e-03 +5.0000e-01
91 +5.404631961e+01 +5.404631961e+01 +2.384463196e+02 +2.384463196e+02 +0.0000e+00 +6.5781e-02 +0.0000e+00 +2.6740e-01 +1.8286e-01 +2.8376e-01 +3.4249e-03 +2.0855e-01 +3.0206e-02 +0.0000e+00
156 +3.724493950e+01 +3.724493950e+01 +2.216449395e+02 +2.216449395e+02 +0.0000e+00 +2.7449e-02 +0.0000e+00 +2.2571e-01 +5.4900e-01 +1.7691e-01 +6.6938e-03 +3.0382e-02 +2.2806e-01 +0.0000e+00
% function evaluation | noise-free fitness - Fopt (2.277700000000e+02) | best noise-free fitness - Fopt | measured fitness | best measured fitness | x1 | x2...
1 +2.989831579e+02 +2.989831579e+02 +5.267531579e+02 +5.267531579e+02 +5.0271e-01 +2.6812e-01 +1.4209e-02 +6.8815e-01 +1.1867e-01 +5.4020e-02 +8.1607e-01 +1.9541e-01 +7.0920e-01 +6.0074e-01
21 +1.440772327e+02 +1.440772327e+02 +3.718472327e+02 +3.718472327e+02 +1.4221e-01 +0.0000e+00 +5.1421e-01 +1.8815e-01 +2.8562e-01 +0.0000e+00 +3.6879e-01 +3.8794e-01 +2.0920e-01 +2.9392e-01
70 +9.843110013e+01 +9.843110013e+01 +3.262011001e+02 +3.262011001e+02 +4.0523e-01 +0.0000e+00 +1.2560e-01 +4.9792e-01 +3.3797e-01 +6.1417e-04 +3.2422e-01 +6.4175e-02 +4.7622e-02 +1.1968e-01
129 +6.030190373e+01 +6.030190373e+01 +2.880719037e+02 +2.880719037e+02 +5.0056e-02 +0.0000e+00 +0.0000e+00 +0.0000e+00 +0.0000e+00 +0.0000e+00 +0.0000e+00 +1.8151e-01 +0.0000e+00 +0.0000e+00
254 +3.930494908e+01 +3.930494908e+01 +2.670749491e+02 +2.670749491e+02 +5.2150e-01 +0.0000e+00 +2.5643e-01 +0.0000e+00 +7.1518e-04 +1.5256e-02 +1.6925e-02 +3.1102e-01 +1.2986e-01 +2.1850e-02
% function evaluation | noise-free fitness - Fopt (9.640000000000e+01) | best noise-free fitness - Fopt | measured fitness | best measured fitness | x1 | x2...
1 +2.300832189e+02 +2.300832189e+02 +3.264832189e+02 +3.264832189e+02 +2.2028e-01 +2.9914e-01 +1.0217e-01 +1.1882e-01 +3.8456e-01 +1.0610e-01 +8.3606e-02 +6.2261e-01 +5.9657e-01 +5.0720e-01
7 +1.328436777e+02 +1.328436777e+02 +2.292436777e+02 +2.292436777e+02 +5.9669e-01 +8.9245e-02 +5.8437e-01 +5.2302e-01 +3.6074e-01 +3.4193e-01 +5.1774e-01 +9.3965e-01 +3.8812e-01 +1.7701e-01
45 +8.436583244e+01 +8.436583244e+01 +1.807658324e+02 +1.807658324e+02 +6.0374e-01 +1.7390e-02 +9.3890e-01 +5.0861e-01 +5.4193e-01 +0.0000e+00 +3.4166e-01 +8.9738e-01 +5.3642e-01 +1.8906e-01
114 +5.718711563e+01 +5.718711563e+01 +1.535871156e+02 +1.535871156e+02 +3.5316e-01 +2.9975e-03 +1.0000e+00 +4.5495e-01 +4.9443e-01 +0.0000e+00 +5.0271e-02 +1.0000e+00 +2.4609e-01 +0.0000e+00
151 +3.812329704e+01 +3.812329704e+01 +1.345232970e+02 +1.345232970e+02 +5.0197e-01 +1.2927e-02 +7.2729e-01 +5.1293e-01 +5.0000e-01 +0.0000e+00 +0.0000e+00 +9.4725e-01 +0.0000e+00 +0.0000e+00
% function evaluation | noise-free fitness - Fopt (-9.045000000000e+01) | best noise-free fitness - Fopt | measured fitness | best measured fitness | x1 | x2...
1 +2.633324030e+03 +2.633324030e+03 +2.542874030e+03 +2.542874030e+03 +2.4209e-02 +4.6142e-01 +9.2422e-01 +7.7218e-01 +9.2534e-01 +3.4475e-01 +2.9064e-01 +3.8915e-01 +8.2449e-01 +9.4285e-01
2 +1.097260818e+03 +1.097260818e+03 +1.006810818e+03 +1.006810818e+03 +7.6080e-01 +8.2369e-01 +8.1613e-01 +8.4298e-05 +1.4947e-01 +8.5537e-01 +2.5424e-01 +1.9074e-01 +5.4809e-01 +3.6353e-01
5 +8.155137260e+02 +8.155137260e+02 +7.250637260e+02 +7.250637260e+02 +4.4219e-01 +3.9543e-01 +6.0255e-01 +8.1217e-01 +4.8523e-01 +9.7789e-02 +8.8577e-01 +2.2295e-01 +3.8437e-01 +6.5975e-01
9 +5.323922514e+02 +5.323922514e+02 +4.419422514e+02 +4.419422514e+02 +3.5853e-01 +8.2360e-01 +1.2711e-01 +9.8491e-01 +2.2993e-01 +8.4817e-01 +2.1477e-01 +8.9338e-01 +4.8017e-01 +1.2789e-01
19 +1.733619120e+02 +1.733619120e+02 +8.291191201e+01 +8.291191201e+01 +3.0807e-02 +9.6764e-01 +9.4779e-04 +1.4917e-02 +2.9774e-01 +3.4793e-01 +9.3492e-01 +7.6690e-01 +6.2546e-02 +4.0626e-01
41 +1.441413402e+02 +1.441413402e+02 +5.369134021e+01 +5.369134021e+01 +1.7291e-02 +1.0000e+00 +0.0000e+00 +0.0000e+00 +0.0000e+00 +3.7135e-01 +1.0000e+00 +1.0000e+00 +0.0000e+00 +2.9318e-01
89 +9.616304419e+01 +9.616304419e+01 +5.713044186e+00 +5.713044186e+00 +1.4825e-01 +4.8788e-02 +2.8129e-01 +1.0614e-01 +0.0000e+00 +1.0753e-02 +0.0000e+00 +4.2026e-01 +3.5138e-01 +1.8067e-01
194 +6.308344492e+01 +6.308344492e+01 -2.736655508e+01 -2.736655508e+01 +3.8425e-02 +6.2350e-01 +1.3379e-01 +8.1558e-02 +3.1119e-02 +0.0000e+00 +2.4074e-02 +4.6358e-01 +1.2273e-01 +2.0236e-02
% function evaluation | noise-free fitness - Fopt (3.995000000000e+01) | best noise-free fitness - Fopt | measured fitness | best measured fitness | x1 | x2...
1 +1.927477773e+02 +1.927477773e+02 +2.326977773e+02 +2.326977773e+02 +2.7984e-01 +3.2950e-01 +5.3254e-01 +2.7454e-01 +4.8804e-01 +6.4966e-01 +5.0048e-01 +1.1987e-01 +6.0949e-01 +1.3014e-01
40 +1.475617370e+02 +1.475617370e+02 +1.875117370e+02 +1.875117370e+02 +2.0544e-01 +1.3010e-01 +4.7164e-01 +3.7388e-01 +1.6607e-01 +7.1667e-01 +8.1210e-02 +0.0000e+00 +3.7776e-01 +5.5895e-01
61 +8.719528813e+01 +8.719528813e+01 +1.271452881e+02 +1.271452881e+02 +2.1219e-01 +0.0000e+00 +6.2329e-01 +2.6274e-01 +5.3107e-01 +8.6838e-01 +3.4065e-01 +2.9559e-02 +1.4869e-01 +1.9382e-01
102 +6.209131621e+01 +6.209131621e+01 +1.020413162e+02 +1.020413162e+02 +0.0000e+00 +0.0000e+00 +6.9404e-01 +2.9526e-01 +4.0032e-01 +6.5506e-01 +0.0000e+00 +3.8700e-01 +1.0064e-01 +3.6299e-01
271 +3.382526318e+01 +3.382526318e+01 +7.377526318e+01 +7.377526318e+01 +3.1687e-02 +0.0000e+00 +4.1333e-01 +1.0668e-01 +2.1700e-01 +4.6976e-01 +0.0000e+00 +4.5190e-01 +3.0540e-01 +2.5485e-01
% function evaluation | noise-free fitness - Fopt (7.762000000000e+01) | best noise-free fitness - Fopt | measured fitness | best measured fitness | x1 | x2...
1 +8.600304438e+02 +8.600304438e+02 +9.376504438e+02 +9.376504438e+02 +6.1153e-02 +6.4861e-01 +9.7210e-01 +9.7834e-03 +7.0745e-01 +6.2320e-01 +1.3239e-01 +3.9640e-01 +3.4912e-01 +1.9513e-01
3 +5.942533653e+02 +5.942533653e+02 +6.718733653e+02 +6.718733653e+02 +5.8793e-01 +3.5236e-01 +2.7508e-01 +9.7530e-01 +3.8208e-01 +2.1275e-01 +9.7634e-01 +5.9724e-01 +9.3227e-01 +5.4052e-01
7 +3.882054098e+02 +3.882054098e+02 +4.658254098e+02 +4.658254098e+02 +5.4128e-01 +1.5200e-02 +1.6050e-01 +3.0586e-01 +5.3187e-01 +6.8995e-01 +7.1735e-01 +2.3633e-01 +4.2731e-01 +7.9966e-01
11 +2.086104816e+02 +2.086104816e+02 +2.862304816e+02 +2.862304816e+02 +3.6166e-01 +2.5111e-01 +4.6465e-01 +5.6307e-01 +1.2785e-01 +3.0052e-01 +7.7904e-01 +2.3794e-01 +3.2309e-03 +5.7397e-01
53 +1.239548130e+02 +1.239548130e+02 +2.015748130e+02 +2.015748130e+02 +2.6634e-01 +5.1202e-02 +1.1624e-01 +6.1220e-01 +0.0000e+00 +6.8535e-03 +9.2078e-01 +1.3139e-01 +0.0000e+00 +2.8375e-01
54 +8.986842421e+01 +8.986842421e+01 +1.674884242e+02 +1.674884242e+02 +3.5972e-01 +1.7683e-01 +0.0000e+00 +5.0000e-01 +0.0000e+00 +0.0000e+00 +9.9269e-01 +0.0000e+00 +4.5546e-01 +0.0000e+00
184 +5.662893454e+01 +5.662893454e+01 +1.342489345e+02 +1.342489345e+02 +8.5748e-02 +1.4945e-01 +1.7933e-02 +1.4198e-01 +0.0000e+00 +0.0000e+00 +6.5619e-01 +0.0000e+00 +3.6990e-01 +3.1047e-03
% function evaluation | noise-free fitness - Fopt (-1.092400000000e+02) | best noise-free fitness - Fopt | measured fitness | best measured fitness | x1 | x2...
1 +5.681510288e+02 +5.681510288e+02 +4.589110288e+02 +4.589110288e+02 +6.6572e-01 +7.7308e-02 +2.4475e-01 +9.1298e-01 +4.8620e-01 +7.9095e-01 +9.6793e-02 +9.0095e-01 +9.9760e-01 +2.0364e-01
17 +2.958928711e+02 +2.958928711e+02 +1.866528711e+02 +1.866528711e+02 +3.2803e-01 +2.2554e-02 +3.0167e-01 +2.0199e-01 +5.5079e-01 +2.8259e-01 +2.9324e-01 +5.7582e-01 +5.3671e-01 +6.4865e-01
49 +1.935861086e+02 +1.935861086e+02 +8.434610860e+01 +8.434610860e+01 +1.0536e-01 +1.8955e-01 +0.0000e+00 +3.0806e-01 +7.7933e-02 +4.5199e-01 +0.0000e+00 +5.9806e-01 +6.6206e-01 +1.0000e+00
67 +1.486566322e+02 +1.486566322e+02 +3.941663218e+01 +3.941663218e+01 +3.2420e-02 +3.5714e-01 +0.0000e+00 +3.8706e-01 +0.0000e+00 +1.5589e-01 +0.0000e+00 +5.8831e-01 +6.0690e-01 +7.9783e-01
116 +9.098775993e+01 +9.098775993e+01 -1.825224007e+01 -1.825224007e+01 +1.6184e-02 +6.1083e-01 +4.8713e-01 +4.2054e-01 +2.0553e-01 +7.1438e-03 +0.0000e+00 +8.5536e-01 +1.9618e-02 +4.1689e-01
169 +5.943733552e+01 +5.943733552e+01 -4.980266448e+01 -4.980266448e+01 +0.0000e+00 +1.7962e-01 +2.1305e-02 +3.5643e-01 +0.0000e+00 +5.0363e-01 +0.0000e+00 +2.7077e-01 +4.1853e-02 +5.0000e-01
287 +3.798331720e+01 +3.798331720e+01 -7.125668280e+01 -7.125668280e+01 +1.1960e-02 +1.4130e-01 +1.4264e-02 +3.1091e-01 +1.1766e-01 +2.4660e-01 +2.7412e-02 +6.4261e-01 +2.6439e-02 +3.5239e-01
