% function evaluation | noise-free fitness - Fopt (1.238300000000e+02) | best noise-free fitness - Fopt | measured fitness | best measured fitness | x1 | x2...
1 +3.109760206e+03 +3.109760206e+03 +3.233590206e+03 +3.233590206e+03 +5.3150e-01 +7.7795e-01 +4.6833e-01 +1.2324e-01 +7.9603e-01 +5.5671e-02 +3.1835e-01 +4.9972e-01 +6.4213e-01 +8.6486e-01 +5.6961e-01 +2.8093e-02 +8.9694e-01 +7.3980e-01 +7.4565e-01 +6.5247e-01 +9.5922e-01 +4.8699e-01 +5.7520e-01 +1.3311e-01
2 +2.201943995e+03 +2.201943995e+03 +2.325773995e+03 +2.325773995e+03 +1.4739e-01 +1.8352e-03 +4.6964e-01 +2.7939e-02 +6.3852e-02 +5.2702e-01 +6.2428e-01 +7.3850e-01 +6.6161e-01 +8.1866e-01 +1.3980e-02 +6.9311e-01 +7.3499e-01 +6.1654e-01 +9.8075e-01 +2.1329e-02 +9.8508e-01 +5.6860e-01 +9.3444e-01 +7.7410e-01
8 +1.269908555e+03 +1.269908555e+03 +1.393738555e+03 +1.393738555e+03 +5.4353e-01 +5.4577e-01 +9.0506e-01 +6.8807e-01 +1.1318e-01 +2.9067e-01 +4.3743e-01 +4.1532e-02 +2.6438e-01 +3.3646e-01 +2.5632e-01 +7.3167e-01 +6.0794e-01 +2.1986e-01 +6.8783e-02 +6.8016e-01 +4.2178e-01 +4.6513e-01 +5.8115e-01 +8.3604e-01
69 +9.740854561e+02 +9.740854561e+02 +1.097915456e+03 +1.097915456e+03 +6.5356e-03 +4.6645e-01 +9.0938e-01 +6.6801e-01 +0.0000e+00 +3.2483e-01 +1.0000e+00 +4.4135e-02 +3.2696e-01 +5.4707e-02 +3.2408e-01 +5.3714e-01 +8.1405e-01 +7.1669e-01 +0.0000e+00 +1.0000e+00 +2.0013e-01 +6.4144e-02 +5.9437e-01 +3.7908e-01
104 +5.616007646e+02 +5.616007646e+02 +6.854307646e+02 +6.854307646e+02 +0.0000e+00 +0.0000e+00 +1.1199e-01 +1.9187e-01 +0.0000e+00 +9.0403e-02 +1.0000e+00 +2.9152e-01 +7.8601e-02 +1.6471e-01 +0.0000e+00 +4.5557e-01 +4.7460e-01 +3.3091e-01 +4.7463e-01 +5.1153e-01 +1.3878e-01 +0.0000e+00 +8.6759e-01 +1.0000e+00
169 +3.673216535e+02 +3.673216535e+02 +4.911516535e+02 +4.911516535e+02 +1.9875e-03 +1.7955e-02 +0.0000e+00 +2.2225e-01 +1.6953e-02 +2.6149e-01 +9.7904e-01 +8.4778e-01 +1.1416e-01 +1.3690e-01 +3.7909e-01 +1.5779e-02 +4.5459e-01 +0.0000e+00 +7.3567e-01 +3.0077e-01 +1.6270e-01 +2.3656e-03 +1.4239e-01 +1.0000e+00
227 +2.481379626e+02 +2.481379626e+02 +3.719679626e+02 +3.719679626e+02 +9.0955e-04 +3.5846e-02 +0.0000e+00 +0.0000e+00 +1.7306e-04 +5.3781e-01 +9.4041e-01 +6.2361e-01 +1.6589e-01 +0.0000e+00 +1.7063e-01 +0.0000e+00 +4.6482e-01 +0.0000e+00 +4.5186e-01 +5.6077e-02 +4.3418e-01 +1.6543e-02 +1.7506e-02 +1.0000e+00
916 +1.577872487e+02 +1.577872487e+02 +2.816172487e+02 +2.816172487e+02 +9.8507e-03 +3.1733e-03 +1.8776e-02 +0.0000e+00 +6.1585e-04 +4.9450e-01 +9.2979e-01 +4.0838e-01 +1.8323e-04 +4.4598e-03 +2.5770e-02 +0.0000e+00 +3.2268e-01 +1.5118e-03 +5.5428e-01 +2.2173e-01 +1.8255e-03 +3.4511e-01 +1.5462e-03 +6.3814e-01
% function evaluation | noise-free fitness - Fopt (4.751000000000e+01) | best noise-free fitness - Fopt | measured fitness | best measured fitness | x1 | x2...
1 +1.190832323e+03 +1.190832323e+03 +1.238342323e+03 +1.238342323e+03 +7.8111e-01 +4.3653e-01 +6.3301e-01 +2.6068e-01 +1.0343e-01 +9.5037e-01 +6.3708e-01 +8.3251e-01 +6.8358e-01 +6.4892e-01 +7.5263e-01 +2.9189e-01 +9.9325e-02 +2.6804e-01 +5.2374e-01 +4.8089e-01 +6.2982e-01 +2.5875e-01 +8.4165e-01 +8.6210e-01
6 +9.064923088e+02 +9.064923088e+02 +9.540023088e+02 +9.540023088e+02 +3.9777e-01 +4.0214e-02 +4.5730e-01 +3.6842e-01 +4.6385e-01 +4.8066e-01 +1.3037e-01 +4.4134e-01 +2.1808e-01 +5.9299e-01 +9.4110e-01 +8.5583e-01 +1.2899e-01 +2.7461e-02 +7.9303e-02 +6.3249e-01 +5.6386e-01 +7.2353e-02 +5.5280e-01 +4.5429e-01
52 +4.234700646e+02 +4.234700646e+02 +4.709800646e+02 +4.709800646e+02 +7.6462e-01 +9.7152e-02 +9.8156e-02 +0.0000e+00 +3.6030e-01 +5.0000e-01 +8.8129e-01 +5.0000e-01 +4.6590e-02 +5.3367e-01 +5.8268e-01 +0.0000e+00 +9.0383e-01 +6.1124e-02 +5.0841e-01 +7.0882e-01 +1.8507e-01 +3.2398e-01 +3.6907e-01 +0.0000e+00
73 +2.534387116e+02 +2.534387116e+02 +3.009487116e+02 +3.009487116e+02 +6.6056e-01 +0.0000e+00 +0.0000e+00 +0.0000e+00 +1.6056e-01 +1.3924e-01 +9.1734e-01 +3.9084e-01 +0.0000e+00 +4.4399e-01 +8.0678e-01 +0.0000e+00 +5.1040e-01 +0.0000e+00 +4.5176e-01 +8.3212e-01 +2.4000e-01 +2.1735e-01 +2.6671e-01 +0.0000e+00
156 +2.448892492e+02 +2.448892492e+02 +2.923992492e+02 +2.923992492e+02 +4.4598e-01 +0.0000e+00 +0.0000e+00 +0.0000e+00 +5.6470e-01 +1.0262e-01 +1.0000e+00 +7.4745e-02 +0.0000e+00 +5.9444e-02 +6.7369e-01 +0.0000e+00 +8.9056e-01 +0.0000e+00 +3.6263e-01 +9.2016e-01 +1.2597e-01 +1.7159e-01 +3.0874e-01 +0.0000e+00
218 +1.517856814e+02 +1.517856814e+02 +1.992956814e+02 +1.992956814e+02 +2.6306e-01 +2.0790e-02 +0.0000e+00 +7.3180e-03 +5.7220e-01 +6.1500e-03 +9.6654e-01 +1.2266e-01 +4.8862e-02 +1.7659e-01 +2.1790e-01 +0.0000e+00 +1.8014e-01 +2.5493e-03 +3.1624e-01 +7.0602e-01 +0.0000e+00 +1.0096e-01 +5.0741e-01 +1.0591e-01
471 +9.893935134e+01 +9.893935134e+01 +1.464493513e+02 +1.464493513e+02 +1.2176e-01 +0.0000e+00 +6.8445e-04 +7.5438e-04 +3.1394e-01 +2.8597e-01 +1.0000e+00 +2.1674e-02 +4.3935e-02 +1.0503e-01 +2.3038e-01 +2.2377e-01 +4.2995e-02 +3.0226e-04 +2.2055e-01 +2.2413e-01 +1.9646e-03 +2.0188e-01 +1.6084e-01 +3.4853e-01
% function evaluation | noise-free fitness - Fopt (5.534000000000e+01) | best noise-free fitness - Fopt | measured fitness | best measured fitness | x1 | x2...
1 +2.818008739e+03 +2.818008739e+03 +2.873348739e+03 +2.873348739e+03 +9.8304e-01 +1.4259e-01 +2.4633e-01 +8.0317e-01 +8.9899e-01 +2.8318e-01 +2.1785e-01 +3.6950e-01 +6.1549e-01 +8.4699e-01 +2.8720e-01 +7.3993e-01 +9.8291e-02 +9.2674e-02 +9.0306e-01 +2.3199e-01 +9.4859e-01 +7.2969e-01 +8.2153e-01 +2.3121e-01
3 +1.777948579e+03 +1.777948579e+03 +1.833288579e+03 +1.833288579e+03 +1.6822e-01 +5.4862e-01 +7.4348e-01 +3.2099e-01 +7.5141e-01 +7.8711e-01 +1.5984e-01 +4.9293e-01 +6.0694e-01 +4.3670e-01 +8.8019e-01 +1.1730e-01 +9.3993e-01 +1.4672e-01 +2.0613e-01 +1.7005e-01 +4.5237e-01 +6.4754e-01 +2.8626e-01 +7.7050e-02
6 +1.030460125e+03 +1.030460125e+03 +1.085800125e+03 +1.085800125e+03 +7.4015e-01 +4.5925e-01 +2.2238e-01 +5.7570e-01 +3.3511e-01 +1.4868e-01 +2.8588e-01 +3.6346e-01 +2.4185e-01 +1.6390e-01 +4.4167e-01 +7.4177e-01 +2.1975e-01 +5.4063e-03 +3.9665e-01 +8.3796e-01 +9.5326e-01 +5.2708e-01 +7.6345e-01 +2.9009e-02
44 +9.455705723e+02 +9.455705723e+02 +1.000910572e+03 +1.000910572e+03 +8.7929e-01 +3.8975e-01 +3.9484e-02 +4.3058e-01 +5.1450e-01 +0.0000e+00 +3.8853e-01 +0.0000e+00 +0.0000e+00 +0.0000e+00 +8.3900e-01 +9.9590e-01 +0.0000e+00 +0.0000e+00 +2.8466e-01 +5.8108e-01 +9.5256e-01 +4.1392e-01 +2.4573e-01 +0.0000e+00
122 +5.665948828e+02 +5.665948828e+02 +6.219348828e+02 +6.219348828e+02 +8.1380e-01 +0.0000e+00 +3.3729e-01 +6.4197e-01 +3.3449e-02 +8.4928e-02 +6.7899e-01 +4.2879e-01 +1.5454e-01 +4.5163e-04 +6.9909e-01 +1.0000e+00 +4.0174e-01 +5.0446e-03 +3.1537e-01 +6.0042e-02 +5.0000e-01 +6.7226e-01 +7.5019e-02 +4.7835e-02
128 +3.907764973e+02 +3.907764973e+02 +4.461164973e+02 +4.461164973e+02 +0.0000e+00 +3.2096e-01 +3.2749e-01 +3.8569e-01 +7.2969e-02 +6.2807e-01 +5.2100e-01 +4.5446e-01 +1.7154e-01 +1.6497e-01 +3.1347e-01 +8.2874e-01 +1.5992e-01 +8.0387e-02 +6.6722e-02 +0.0000e+00 +8.5621e-01 +1.7926e-01 +3.4466e-02 +9.3108e-02
221 +2.500741463e+02 +2.500741463e+02 +3.054141463e+02 +3.054141463e+02 +5.4704e-02 +1.8457e-01 +0.0000e+00 +5.7196e-01 +1.2982e-01 +2.8576e-01 +5.3907e-01 +6.9673e-01 +6.5176e-02 +0.0000e+00 +5.3770e-02 +1.0000e+00 +2.0590e-01 +1.9185e-02 +4.8978e-01 +0.0000e+00 +3.8737e-01 +5.5117e-01 +1.6865e-01 +1.3013e-01
598 +1.582056781e+02 +1.582056781e+02 +2.135456781e+02 +2.135456781e+02 +3.9231e-02 +0.0000e+00 +2.5826e-02 +1.7017e-05 +9.3084e-02 +1.6818e-02 +2.9171e-01 +4.8754e-01 +4.0157e-02 +2.1601e-02 +2.3758e-02 +2.6391e-01 +1.8802e-01 +1.0206e-02 +0.0000e+00 +9.0947e-03 +0.0000e+00 +1.1157e-01 +3.1228e-02 +7.0841e-03
1424 +9.997518526e+01 +9.997518526e+01 +1.553151853e+02 +1.553151853e+02 +4.1868e-01 +8.0797e-04 +0.0000e+00 +2.8548e-01 +0.0000e+00 +4.8776e-01 +8.4710e-03 +3.4856e-01 +3.3420e-01 +0.0000e+00 +2.0999e-02 +7.4987e-03 +3.0039e-03 +6.7265e-02 +0.0000e+00 +3.7231e-02 +0.0000e+00 +4.9977e-03 +7.0518e-02 +5.6804e-02
% function evaluation | noise-free fitness - Fopt (-9.033000000000e+01) | best noise-free fitness - Fopt | measured fitness | best measured fitness | x1 | x2...
1 +1.555146447e+03 +1.555146447e+03 +1.464816447e+03 +1.464816447e+03 +6.8100e-01 +5.5093e-01 +1.0837e-01 +8.2363e-02 +3.1735e-01 +8.3895e-01 +7.0083e-01 +4.5261e-01 +7.4977e-01 +3.3583e-01 +2.9727e-01 +3.2834e-01 +7.1987e-01 +8.9690e-01 +4.1442e-01 +6.5545e-02 +3.5421e-01 +7.3058e-01 +6.6978e-01 +1.7568e-01
5 +5.904831068e+02 +5.904831068e+02 +5.001531068e+02 +5.001531068e+02 +5.5450e-01 +7.2785e-01 +7.5826e-01 +9.9205e-01 +1.4689e-01 +6.2936e-03 +3.2122e-01 +8.3614e-01 +8.1169e-02 +5.2154e-01 +1.9494e-02 +3.4423e-01 +1.1196e-01 +2.7041e-01 +1.9116e-01 +7.6394e-01 +9.5760e-01 +8.1874e-01 +3.0080e-02 +5.1577e-01
48 +3.975858358e+02 +3.975858358e+02 +3.072558358e+02 +3.072558358e+02 +3.1490e-01 +7.3261e-01 +6.2363e-02 +3.8693e-01 +1.0124e-01 +8.4227e-01 +1.2322e-02 +7.3749e-01 +4.0005e-01 +1.0728e-01 +3.1568e-01 +4.5193e-01 +4.9951e-02 +1.2956e-01 +0.0000e+00 +1.8654e-01 +6.8872e-01 +0.0000e+00 +0.0000e+00 +6.9015e-01
69 +2.449715745e+02 +2.449715745e+02 +1.546415745e+02 +1.546415745e+02 +3.1636e-02 +6.3574e-01 +0.0000e+00 +0.0000e+00 +0.0000e+00 +5.2791e-01 +9.7200e-02 +7.9754e-01 +8.2119e-01 +1.3278e-01 +1.8828e-01 +0.0000e+00 +2.2280e-01 +0.0000e+00 +1.1409e-01 +5.4852e-01 +5.0000e-01 +0.0000e+00 +1.8839e-01 +0.0000e+00
171 +1.551873105e+02 +1.551873105e+02 +6.485731047e+01 +6.485731047e+01 +4.3943e-01 +6.9148e-01 +0.0000e+00 +1.1958e-02 +0.0000e+00 +5.4610e-01 +6.1046e-02 +8.3680e-01 +5.2868e-01 +3.2849e-03 +6.6857e-02 +0.0000e+00 +4.2591e-02 +3.4317e-03 +1.6276e-01 +6.3305e-01 +5.1767e-01 +1.3968e-01 +1.9436e-01 +0.0000e+00
702 +9.894995515e+01 +9.894995515e+01 +8.619955152e+00 +8.619955152e+00 +1.6512e-01 +8.3882e-01 +1.4459e-01 +1.8846e-01 +5.4386e-02 +9.9993e-01 +8.9365e-02 +8.4625e-01 +2.0095e-01 +5.5550e-04 +6.2528e-02 +9.3347e-05 +5.6108e-02 +1.0500e-02 +4.6544e-01 +9.3220e-01 +4.5730e-01 +1.8862e-01 +1.3881e-05 +1.2447e-02
% function evaluation | noise-free fitness - Fopt (6.561000000000e+01) | best noise-free fitness - Fopt | measured fitness | best measured fitness | x1 | x2...
1 +2.091837717e+03 +2.091837717e+03 +2.157447717e+03 +2.157447717e+03 +8.7806e-01 +6.8275e-01 +2.8288e-01 +2.1781e-01 +7.5952e-01 +8.9666e-01 +6.5021e-01 +3.5406e-01 +9.4353e-01 +4.9993e-01 +8.8517e-01 +2.6796e-01 +7.2918e-01 +4.3552e-01 +7.4111e-02 +6.4676e-01 +2.6309e-01 +9.7783e-01 +9.5150e-02 +9.3481e-01
3 +1.140574575e+03 +1.140574575e+03 +1.206184575e+03 +1.206184575e+03 +6.0556e-01 +6.4714e-01 +5.6344e-01 +1.0394e-01 +6.3158e-01 +5.5113e-01 +1.1728e-02 +9.1579e-01 +9.4363e-01 +1.2105e-01 +9.8667e-01 +5.3021e-01 +4.0762e-01 +2.3123e-02 +3.5314e-01 +6.1300e-01 +1.2261e-01 +6.0311e-01 +3.7046e-01 +4.0129e-01
22 +8.868292239e+02 +8.868292239e+02 +9.524392239e+02 +9.524392239e+02 +2.7989e-01 +5.0102e-01 +6.9608e-01 +6.2105e-01 +1.7318e-01 +6.9890e-01 +8.9500e-01 +3.1538e-01 +3.8929e-01 +0.0000e+00 +4.7874e-01 +1.7655e-01 +0.0000e+00 +1.7886e-01 +3.1963e-01 +6.5222e-01 +3.5769e-01 +8.7734e-01 +3.3187e-01 +4.7458e-01
42 +5.879722497e+02 +5.879722497e+02 +6.535822497e+02 +6.535822497e+02 +1.4493e-01 +1.7256e-01 +3.6956e-01 +8.9064e-01 +3.2321e-01 +2.7411e-01 +5.3952e-01 +0.0000e+00 +7.2144e-03 +1.1742e-01 +2.0614e-01 +0.0000e+00 +4.6488e-03 +6.7886e-01 +1.0832e-01 +1.5222e-01 +3.7182e-01 +9.2360e-01 +2.6137e-01 +4.3116e-01
82 +3.520501533e+02 +3.520501533e+02 +4.176601533e+02 +4.176601533e+02 +5.0510e-01 +0.0000e+00 +0.0000e+00 +7.2136e-02 +6.5755e-01 +1.3049e-01 +4.1971e-01 +1.3880e-01 +7.3839e-02 +2.1059e-01 +4.2678e-03 +0.0000e+00 +3.5470e-02 +6.2694e-01 +0.0000e+00 +0.0000e+00 +3.3498e-01 +1.0000e+00 +1.9429e-01 +5.9436e-01
184 +2.121842539e+02 +2.121842539e+02 +2.777942539e+02 +2.777942539e+02 +4.4546e-01 +9.8325e-04 +0.0000e+00 +1.3131e-02 +2.7232e-01 +0.0000e+00 +2.6910e-01 +2.2383e-01 +1.4135e-01 +9.9783e-02 +0.0000e+00 +0.0000e+00 +8.6191e-02 +3.7391e-01 +2.1958e-02 +0.0000e+00 +3.3674e-01 +1.0000e+00 +1.9726e-01 +2.1015e-01
290 +1.449514303e+02 +1.449514303e+02 +2.105614303e+02 +2.105614303e+02 +3.8659e-01 +2.0510e-03 +0.0000e+00 +2.0751e-01 +0.0000e+00 +1.3041e-02 +2.7782e-01 +2.3944e-01 +1.4171e-01 +0.0000e+00 +2.2913e-03 +1.4991e-02 +8.4420e-02 +9.6570e-02 +5.9294e-03 +0.0000e+00 +0.0000e+00 +1.0000e+00 +7.0542e-02 +1.1910e-01
% function evaluation | noise-free fitness - Fopt (-1.536000000000e+01) | best noise-free fitness - Fopt | measured fitness | best measured fitness | x1 | x2...
1 +1.513017896e+03 +1.513017896e+03 +1.497657896e+03 +1.497657896e+03 +6.1882e-01 +5.9263e-01 +7.9108e-01 +2.9872e-01 +3.4066e-01 +4.2223e-01 +1.5035e-02 +8.7073e-01 +7.4343e-01 +8.7152e-01 +5.9242e-01 +6.1450e-01 +7.7087e-01 +5.1573e-01 +4.8839e-01 +5.9770e-01 +6.9885e-01 +9.5513e-01 +2.3286e-01 +3.7479e-01
43 +9.086979093e+02 +9.086979093e+02 +8.933379093e+02 +8.933379093e+02 +2.6629e-01 +5.8671e-01 +3.0236e-02 +5.8915e-01 +5.9814e-01 +4.4034e-01 +0.0000e+00 +3.7763e-01 +6.6619e-01 +5.1778e-01 +6.5538e-01 +2.8192e-01 +4.6332e-01 +8.0442e-02 +3.5732e-01 +4.9131e-01 +3.8899e-01 +5.1726e-02 +9.8393e-01 +6.0801e-01
67 +6.277084380e+02 +6.277084380e+02 +6.123484380e+02 +6.123484380e+02 +0.0000e+00 +1.0000e+00 +0.0000e+00 +8.5378e-01 +0.0000e+00 +9.8416e-01 +0.0000e+00 +5.9874e-02 +3.4338e-01 +3.4507e-01 +4.6093e-01 +0.0000e+00 +4.5124e-01 +5.6897e-01 +0.0000e+00 +0.0000e+00 +5.9202e-01 +3.7940e-02 +8.2879e-01 +0.0000e+00
69 +3.818297394e+02 +3.818297394e+02 +3.664697394e+02 +3.664697394e+02 +4.9417e-03 +1.0000e+00 +1.4658e-02 +6.9000e-01 +4.4189e-01 +7.4354e-01 +0.0000e+00 +0.0000e+00 +0.0000e+00 +5.4141e-02 +8.4783e-01 +4.3570e-02 +9.4673e-01 +1.4584e-02 +0.0000e+00 +1.3510e-01 +4.2402e-01 +0.0000e+00 +7.3478e-01 +4.1808e-01
283 +2.423213853e+02 +2.423213853e+02 +2.269613853e+02 +2.269613853e+02 +1.1955e-02 +8.6383e-01 +3.9603e-01 +0.0000e+00 +3.7580e-01 +8.3853e-01 +1.5626e-02 +1.7382e-01 +0.0000e+00 +3.1513e-02 +4.5425e-02 +5.1029e-03 +8.3499e-01 +1.7860e-01 +5.8382e-01 +2.1668e-01 +1.5657e-01 +2.5468e-01 +2.4969e-01 +6.9196e-01
712 +1.478504963e+02 +1.478504963e+02 +1.324904963e+02 +1.324904963e+02 +9.9456e-02 +7.7871e-01 +2.9234e-01 +1.4735e-02 +8.2539e-02 +9.9969e-01 +2.0014e-02 +9.6894e-05 +0.0000e+00 +8.1934e-03 +7.2018e-01 +1.7240e-02 +5.9308e-02 +4.5806e-05 +0.0000e+00 +3.0015e-01 +7.3981e-01 +1.4817e-02 +1.7564e-01 +2.8850e-01
% function evaluation | noise-free fitness - Fopt (-1.318000000000e+01) | best noise-free fitness - Fopt | measured fitness | best measured fitness | x1 | x2...
1 +1.183685068e+03 +1.183685068e+03 +1.170505068e+03 +1.170505068e+03 +4.8416e-01 +6.8558e-01 +9.9265e-01 +1.2783e-01 +6.2143e-01 +2.3836e-01 +2.4209e-01 +7.9634e-01 +1.6026e-01 +3.2977e-01 +9.4210e-01 +4.3365e-01 +6.8333e-02 +1.5909e-01 +1.0459e-01 +4.2888e-01 +1.0418e-01 +6.7206e-01 +9.0781e-01 +8.2583e-01
7 +7.264881851e+02 +7.264881851e+02 +7.133081851e+02 +7.133081851e+02 +2.7145e-01 +2.8573e-03 +2.6327e-02 +9.7742e-01 +1.6258e-01 +5.9727e-01 +4.6949e-01 +3.4507e-02 +7.6114e-01 +5.1818e-01 +7.8118e-01 +9.6082e-02 +9.9894e-03 +2.7770e-01 +4.5294e-01 +4.1956e-01 +7.8205e-01 +1.9905e-01 +5.4125e-01 +5.4408e-01
27 +4.541895564e+02 +4.541895564e+02 +4.410095564e+02 +4.410095564e+02 +3.1009e-01 +2.9936e-01 +0.0000e+00 +5.3449e-01 +2.6604e-01 +2.1056e-01 +5.0843e-01 +2.9138e-02 +4.2491e-01 +7.2083e-01 +8.4682e-01 +5.3662e-01 +2.4492e-01 +4.9551e-01 +6.4610e-02 +1.3707e-01 +8.7279e-01 +1.1856e-01 +5.0630e-01 +4.2166e-01
48 +3.709281742e+02 +3.709281742e+02 +3.577481742e+02 +3.577481742e+02 +0.0000e+00 +1.4801e-01 +0.0000e+00 +1.9100e-01 +2.4378e-01 +2.8296e-02 +5.5301e-01 +8.7686e-03 +8.2565e-01 +7.2668e-01 +8.8819e-01 +6.2725e-01 +3.1552e-01 +5.5659e-01 +0.0000e+00 +1.8493e-01 +8.7291e-01 +4.9160e-01 +8.1994e-01 +4.9564e-01
72 +2.501449967e+02 +2.501449967e+02 +2.369649967e+02 +2.369649967e+02 +0.0000e+00 +1.4328e-01 +0.0000e+00 +2.1140e-01 +1.7516e-01 +0.0000e+00 +6.1944e-01 +0.0000e+00 +6.2074e-01 +3.4796e-01 +4.8658e-01 +9.9065e-01 +2.0989e-01 +5.4367e-01 +6.6751e-02 +1.5003e-01 +6.4624e-01 +1.0000e+00 +3.0698e-01 +8.8516e-02
431 +1.504290984e+02 +1.504290984e+02 +1.372490984e+02 +1.372490984e+02 +0.0000e+00 +2.3223e-02 +0.0000e+00 +4.5580e-02 +6.6486e-02 +5.2806e-01 +5.7378e-01 +0.0000e+00 +3.1181e-01 +0.0000e+00 +8.2551e-01 +7.7951e-01 +6.6396e-02 +5.0867e-01 +0.0000e+00 +0.0000e+00 +2.1129e-01 +7.7034e-01 +2.8409e-01 +3.1124e-01
% function evaluation | noise-free fitness - Fopt (-6.052000000000e+01) | best noise-free fitness - Fopt | measured fitness | best measured fitness | x1 | x2...
1 +1.690123105e+03 +1.690123105e+03 +1.629603105e+03 +1.629603105e+03 +8.7612e-01 +3.3057e-02 +2.5860e-01 +5.2506e-01 +8.3974e-01 +5.1571e-01 +5.6684e-01 +2.5144e-01 +9.9807e-01 +3.6689e-01 +6.3533e-01 +6.1011e-01 +7.4916e-01 +5.4474e-01 +2.1984e-01 +2.9371e-01 +2.2056e-01 +5.1911e-01 +7.2634e-01 +3.1019e-01
2 +1.471170436e+03 +1.471170436e+03 +1.410650436e+03 +1.410650436e+03 +3.4902e-01 +6.7030e-01 +2.9342e-01 +6.5252e-01 +6.5369e-01 +5.2421e-01 +3.5763e-01 +1.6941e-01 +8.9718e-01 +7.0547e-01 +6.8295e-01 +3.4174e-01 +2.9849e-01 +3.0056e-01 +6.9695e-02 +9.4132e-01 +1.8815e-01 +9.6987e-01 +4.8098e-01 +5.9995e-01
5 +9.503683102e+02 +9.503683102e+02 +8.898483102e+02 +8.898483102e+02 +9.3438e-01 +8.8056e-01 +8.6083e-01 +4.3023e-01 +3.8848e-01 +6.0979e-01 +4.7454e-01 +5.4437e-01 +4.2917e-01 +2.5771e-01 +6.7582e-01 +1.3907e-01 +8.1256e-01 +3.3885e-01 +1.1714e-01 +4.0219e-02 +1.2034e-01 +7.2353e-01 +3.3914e-02 +7.8121e-02
11 +6.065121528e+02 +6.065121528e+02 +5.459921528e+02 +5.459921528e+02 +8.5438e-01 +4.9563e-01 +8.6066e-01 +1.3526e-01 +2.3408e-01 +6.1084e-01 +7.8892e-01 +7.3085e-01 +9.2895e-01 +8.3594e-02 +1.7680e-01 +1.8158e-01 +2.5804e-01 +6.5975e-02 +6.0429e-01 +5.5068e-01 +6.0591e-01 +2.5114e-01 +2.6874e-01 +5.9232e-01
61 +3.356836422e+02 +3.356836422e+02 +2.751636422e+02 +2.751636422e+02 +0.0000e+00 +2.4051e-01 +4.8068e-01 +4.0422e-01 +5.9520e-01 +6.1328e-01 +1.3923e-01 +6.2875e-01 +6.0657e-02 +0.0000e+00 +3.0188e-01 +6.9932e-01 +1.0835e-01 +1.4537e-01 +4.1664e-01 +2.0920e-02 +0.0000e+00 +3.9708e-01 +0.0000e+00 +1.2081e-01
158 +2.498374443e+02 +2.498374443e+02 +1.893174443e+02 +1.893174443e+02 +0.0000e+00 +2.4770e-01 +5.4057e-01 +0.0000e+00 +4.5119e-01 +3.4855e-01 +3.0778e-01 +5.5555e-01 +3.9201e-03 +0.0000e+00 +4.4542e-01 +0.0000e+00 +7.0946e-01 +3.5444e-02 +5.8537e-01 +6.4157e-02 +0.0000e+00 +1.5130e-01 +1.3167e-01 +5.4964e-02
318 +1.531836603e+02 +1.531836603e+02 +9.266366029e+01 +9.266366029e+01 +0.0000e+00 +6.3230e-02 +7.1890e-01 +2.5742e-02 +3.5484e-01 +1.4030e-01 +3.9808e-01 +1.9281e-01 +2.8882e-03 +0.0000e+00 +3.8713e-01 +0.0000e+00 +1.4482e-01 +1.4384e-01 +4.6343e-01 +3.0171e-02 +8.3472e-04 +1.3059e-03 +1.7124e-01 +9.7644e-02
% function evaluation | noise-free fitness - Fopt (1.844000000000e+02) | best noise-free fitness - Fopt | measured fitness | best measured fitness | x1 | x2...
1 +1.241616684e+03 +1.241616684e+03 +1.426016684e+03 +1.426016684e+03 +5.9111e-01 +9.9032e-01 +3.6627e-01 +2.4835e-01 +5.5145e-01 +2.1084e-01 +2.1373e-02 +4.8554e-01 +8.2825e-01 +6.7277e-01 +3.5383e-01 +2.8968e-01 +3.2027e-01 +8.8077e-01 +4.9402e-01 +2.4334e-01 +2.8536e-01 +5.1281e-01 +7.4986e-01 +2.9326e-01
6 +7.577305571e+02 +7.577305571e+02 +9.421305571e+02 +9.421305571e+02 +3.7062e-01 +3.5893e-01 +4.8760e-01 +1.4304e-01 +8.6057e-01 +5.0089e-02 +2.7167e-01 +3.5488e-01 +5.4198e-01 +4.0565e-01 +8.1118e-01 +2.2570e-01 +4.8070e-01 +3.8639e-01 +5.1045e-01 +7.3905e-01 +8.2394e-01 +1.9433e-01 +9.9552e-03 +8.7431e-01
46 +6.132102830e+02 +6.132102830e+02 +7.976102830e+02 +7.976102830e+02 +0.0000e+00 +1.0000e+00 +3.6905e-01 +7.8555e-01 +7.7746e-01 +1.0376e-01 +4.1038e-01 +7.0763e-01 +6.6919e-03 +6.5484e-01 +2.0202e-01 +1.7985e-01 +0.0000e+00 +1.0000e+00 +3.0098e-01 +7.3544e-01 +1.0000e+00 +0.0000e+00 +1.1548e-01 +8.1536e-01
86 +3.872036584e+02 +3.872036584e+02 +5.716036584e+02 +5.716036584e+02 +3.0457e-01 +9.9377e-01 +4.6927e-01 +3.5067e-01 +5.5514e-01 +1.3441e-01 +4.7300e-01 +6.0105e-01 +1.3955e-01 +3.6873e-01 +0.0000e+00 +6.2996e-01 +2.7852e-01 +5.1513e-01 +5.6608e-02 +6.4901e-01 +8.4559e-01 +4.8616e-02 +1.5180e-01 +6.1229e-01
145 +2.471886004e+02 +2.471886004e+02 +4.315886004e+02 +4.315886004e+02 +6.7193e-01 +9.9562e-01 +8.1915e-01 +4.5513e-01 +6.0936e-01 +0.0000e+00 +5.3771e-01 +3.2242e-01 +0.0000e+00 +2.6321e-01 +0.0000e+00 +1.0000e+00 +1.2249e-02 +0.0000e+00 +2.9470e-01 +0.0000e+00 +6.4649e-02 +7.6950e-03 +0.0000e+00 +0.0000e+00
165 +1.510788402e+02 +1.510788402e+02 +3.354788402e+02 +3.354788402e+02 +5.5855e-01 +9.9442e-01 +3.3397e-01 +5.2474e-01 +6.3960e-01 +0.0000e+00 +6.7358e-01 +3.1337e-01 +0.0000e+00 +3.1327e-01 +0.0000e+00 +9.7466e-01 +0.0000e+00 +0.0000e+00 +0.0000e+00 +3.5028e-02 +0.0000e+00 +1.8511e-02 +4.7701e-04 +5.0000e-01
416 +9.999236190e+01 +9.999236190e+01 +2.843923619e+02 +2.843923619e+02 +4.8485e-01 +8.2769e-01 +6.9015e-01 +1.7986e-01 +8.7042e-01 +3.8285e-02 +7.8383e-01 +5.0054e-01 +1.2904e-02 +2.7425e-01 +3.8946e-04 +6.2610e-01 +7.1468e-03 +3.1239e-02 +2.6679e-02 +1.1525e-01 +7.0442e-02 +2.5151e-03 +2.5308e-02 +8.0846e-01
% function evaluation | noise-free fitness - Fopt (2.277700000000e+02) | best noise-free fitness - Fopt | measured fitness | best measured fitness | x1 | x2...
1 +1.415517927e+03 +1.415517927e+03 +1.643287927e+03 +1.643287927e+03 +5.0877e-01 +6.4396e-01 +7.4399e-01 +3.3708e-01 +8.6095e-01 +4.1677e-01 +6.1277e-01 +1.8180e-01 +3.3666e-01 +4.1734e-01 +6.9721e-01 +9.3246e-01 +6.2845e-01 +6.7158e-01 +1.0143e-01 +5.7552e-02 +2.0444e-01 +6.2368e-01 +8.9420e-01 +8.1905e-01
3 +8.118640525e+02 +8.118640525e+02 +1.039634053e+03 +1.039634053e+03 +4.5267e-01 +2.3963e-01 +1.3208e-01 +1.2926e-01 +7.9700e-01 +6.3898e-01 +3.0729e-03 +7.5864e-01 +7.2461e-01 +6.3811e-01 +4.9122e-01 +3.0291e-01 +7.6894e-01 +3.3795e-01 +4.9936e-01 +8.9120e-01 +9.9073e-01 +5.6037e-01 +1.8677e-01 +9.2258e-01
14 +5.157864781e+02 +5.157864781e+02 +7.435564781e+02 +7.435564781e+02 +8.4402e-01 +6.5072e-01 +1.2853e-01 +3.2019e-01 +3.7251e-01 +6.0042e-02 +5.1247e-01 +6.2501e-02 +2.7137e-02 +6.4244e-02 +4.0269e-01 +1.1161e-01 +5.4334e-01 +1.7999e-02 +3.7561e-01 +5.5510e-01 +2.2803e-01 +4.4743e-01 +9.4292e-01 +9.1472e-01
48 +3.147617010e+02 +3.147617010e+02 +5.425317010e+02 +5.425317010e+02 +1.2594e-01 +3.6302e-01 +0.0000e+00 +2.8331e-01 +1.6992e-01 +5.8374e-01 +0.0000e+00 +0.0000e+00 +6.7950e-02 +2.1290e-01 +3.7739e-01 +3.1565e-01 +1.8443e-01 +1.3010e-01 +0.0000e+00 +8.2223e-01 +5.2236e-01 +6.2827e-01 +2.0536e-01 +3.0616e-01
127 +2.432766065e+02 +2.432766065e+02 +4.710466065e+02 +4.710466065e+02 +2.6791e-01 +1.0116e-01 +1.8462e-02 +1.6355e-01 +1.4704e-01 +2.1879e-01 +0.0000e+00 +0.0000e+00 +9.2434e-02 +0.0000e+00 +4.1138e-01 +0.0000e+00 +4.3504e-01 +1.1215e-01 +2.0673e-01 +9.0914e-01 +9.7376e-01 +3.7294e-01 +7.2764e-02 +6.1039e-01
198 +1.577445567e+02 +1.577445567e+02 +3.855145567e+02 +3.855145567e+02 +0.0000e+00 +3.3385e-02 +0.0000e+00 +2.3937e-02 +0.0000e+00 +7.2189e-03 +2.2354e-01 +3.0766e-01 +2.8064e-05 +2.6806e-01 +6.1563e-01 +0.0000e+00 +5.2282e-01 +6.6557e-01 +1.9801e-01 +5.1694e-01 +5.5948e-01 +4.3298e-01 +0.0000e+00 +4.0178e-01
470 +9.306162825e+01 +9.306162825e+01 +3.208316283e+02 +3.208316283e+02 +2.0301e-01 +3.2546e-02 +7.9723e-03 +2.0544e-01 +4.1413e-01 +4.8588e-02 +1.5543e-01 +2.7885e-01 +0.0000e+00 +0.0000e+00 +3.2002e-01 +2.1721e-07 +4.9067e-01 +6.3239e-01 +4.7772e-01 +9.6737e-01 +2.1293e-01 +3.9073e-02 +4.0572e-01 +5.7724e-01
733 +5.948815310e+01 +5.948815310e+01 +2.872581531e+02 +2.872581531e+02 +1.2644e-01 +7.1191e-03 +0.0000e+00 +1.2382e-01 +5.6333e-01 +7.7379e-02 +0.0000e+00 +1.9542e-01 +1.2485e-03 +1.3824e-01 +3.7332e-01 +3.1351e-07 +2.4156e-01 +7.6690e-01 +2.8608e-01 +9.7873e-01 +3.1613e-01 +1.5553e-02 +2.7730e-01 +5.0183e-01
1998 +3.973359875e+01 +3.973359875e+01 +2.675035987e+02 +2.675035987e+02 +3.4737e-02 +5.6232e-03 +0.0000e+00 +1.8378e-01 +4.9065e-01 +1.3627e-01 +3.0115e-04 +3.3614e-01 +6.0964e-04 +2.1001e-02 +3.8196e-01 +0.0000e+00 +2.1531e-01 +7.1947e-01 +2.9488e-01 +9.9250e-01 +2.5321e-01 +1.9451e-05 +3.5068e-01 +5.3234e-01
% function evaluation | noise-free fitness - Fopt (9.640000000000e+01) | best noise-free fitness - Fopt | measured fitness | best measured fitness | x1 | x2...
1 +1.328366108e+03 +1.328366108e+03 +1.424766108e+03 +1.424766108e+03 +6.3165e-01 +4.7177e-01 +9.2100e-01 +8.5828e-01 +6.8341e-01 +6.5957e-01 +8.8024e-01 +3.5210e-01 +4.8631e-01 +2.7785e-01 +1.3410e-01 +6.8244e-01 +3.8328e-01 +5.7894e-01 +6.9522e-01 +6.4541e-02 +3.3516e-01 +8.8765e-02 +8.0817e-02 +3.0239e-01
11 +8.269030482e+02 +8.269030482e+02 +9.233030482e+02 +9.233030482e+02 +9.9803e-02 +1.6636e-02 +2.1851e-01 +6.4294e-01 +3.1759e-01 +2.1469e-01 +5.7499e-01 +5.2330e-02 +1.6940e-01 +1.3598e-01 +3.6292e-01 +4.1582e-02 +3.9087e-01 +9.9085e-01 +8.6814e-01 +6.4912e-02 +1.4663e-01 +8.8620e-02 +5.5705e-01 +1.1564e-01
50 +5.548552192e+02 +5.548552192e+02 +6.512552192e+02 +6.512552192e+02 +7.1515e-01 +0.0000e+00 +4.5617e-01 +3.6654e-01 +1.3069e-01 +5.0156e-01 +2.8240e-01 +0.0000e+00 +0.0000e+00 +5.1888e-02 +6.9790e-01 +0.0000e+00 +6.3452e-01 +3.4580e-01 +1.0000e+00 +0.0000e+00 +4.7406e-02 +3.0511e-01 +5.0702e-01 +9.0555e-02
87 +3.324096440e+02 +3.324096440e+02 +4.288096440e+02 +4.288096440e+02 +1.6490e-01 +5.6200e-02 +5.2760e-01 +3.5899e-01 +2.2844e-02 +5.8704e-01 +0.0000e+00 +3.0655e-02 +0.0000e+00 +5.0000e-01 +6.8205e-01 +4.3610e-01 +3.4400e-02 +0.0000e+00 +5.6366e-01 +7.2213e-02 +0.0000e+00 +2.8411e-01 +1.3892e-01 +7.2153e-01
113 +2.429773148e+02 +2.429773148e+02 +3.393773148e+02 +3.393773148e+02 +7.6667e-01 +3.0470e-01 +4.8208e-01 +0.0000e+00 +1.2656e-01 +1.0000e+00 +2.1650e-01 +2.1914e-01 +0.0000e+00 +3.8759e-01 +2.4137e-01 +2.0689e-02 +0.0000e+00 +0.0000e+00 +4.2597e-01 +2.2485e-02 +0.0000e+00 +1.0876e-01 +0.0000e+00 +6.6070e-01
372 +1.528850396e+02 +1.528850396e+02 +2.492850396e+02 +2.492850396e+02 +2.0673e-01 +0.0000e+00 +6.3755e-02 +1.7186e-01 +4.2760e-02 +0.0000e+00 +2.2180e-01 +8.4430e-03 +0.0000e+00 +1.6207e-01 +0.0000e+00 +9.0372e-03 +2.1909e-03 +2.5043e-01 +2.2143e-01 +0.0000e+00 +2.0997e-01 +3.1691e-02 +2.1715e-02 +0.0000e+00
4352 +9.951264936e+01 +9.951264936e+01 +1.959126494e+02 +1.959126494e+02 +4.1195e-05 +1.8798e-01 +1.5928e-01 +1.6664e-01 +5.6943e-01 +1.1858e-07 +1.7110e-05 +4.1708e-06 +3.1227e-05 +1.7672e-01 +0.0000e+00 +3.1393e-01 +1.5575e-01 +8.6170e-02 +2.1127e-01 +5.1822e-03 +8.3288e-05 +4.3606e-02 +2.8710e-01 +3.0351e-01
% function evaluation | noise-free fitness - Fopt (-9.045000000000e+01) | best noise-free fitness - Fopt | measured fitness | best measured fitness | x1 | x2...
1 +1.491718480e+03 +1.491718480e+03 +1.401268480e+03 +1.401268480e+03 +5.7806e-01 +9.8412e-01 +1.1183e-01 +3.0958e-01 +7.9666e-01 +7.0397e-01 +1.2576e-01 +9.7244e-01 +7.5777e-01 +2.4994e-01 +6.1264e-01 +3.6880e-01 +4.6172e-01 +8.0845e-01 +1.6935e-01 +5.7760e-01 +2.4200e-01 +8.9544e-01 +2.6682e-01 +5.6458e-01
3 +5.265879272e+02 +5.265879272e+02 +4.361379272e+02 +4.361379272e+02 +1.2799e-01 +2.5693e-01 +4.6244e-01 +7.5285e-01 +1.8863e-01 +2.3934e-01 +1.2888e-02 +6.2961e-01 +4.8837e-02 +9.0699e-01 +3.5657e-01 +8.0256e-01 +2.3054e-01 +1.1472e-01 +6.2481e-01 +3.0888e-01 +5.4798e-01 +3.5348e-01 +6.5262e-01 +2.1093e-01
17 +3.784035358e+02 +3.784035358e+02 +2.879535358e+02 +2.879535358e+02 +7.4400e-01 +1.3075e-01 +1.1031e-01 +7.6026e-01 +9.3373e-02 +6.5351e-01 +4.1070e-01 +3.4602e-01 +3.1111e-01 +8.2861e-01 +5.0317e-01 +8.9276e-01 +5.7253e-01 +4.2526e-01 +3.1385e-01 +6.1928e-02 +6.2427e-01 +1.1739e-01 +9.1913e-01 +1.0370e-02
95 +2.340345916e+02 +2.340345916e+02 +1.435845916e+02 +1.435845916e+02 +2.0033e-01 +1.3649e-01 +4.9944e-02 +2.1625e-01 +2.3010e-01 +4.8108e-01 +7.5450e-01 +4.9953e-02 +3.6180e-01 +3.7553e-01 +4.4362e-01 +2.2884e-01 +0.0000e+00 +1.9734e-01 +1.2233e-01 +2.0318e-03 +0.0000e+00 +3.7351e-02 +8.0389e-02 +1.7523e-02
170 +1.506443182e+02 +1.506443182e+02 +6.019431820e+01 +6.019431820e+01 +5.1205e-01 +1.6433e-02 +2.5932e-01 +5.6532e-02 +1.4395e-01 +5.0800e-01 +2.9030e-01 +4.0985e-02 +6.2709e-01 +2.0118e-01 +2.6861e-01 +2.1187e-01 +5.5596e-04 +1.8377e-01 +6.1135e-01 +1.6715e-02 +3.9389e-01 +3.1245e-01 +7.8822e-01 +4.5610e-01
486 +9.901515899e+01 +9.901515899e+01 +8.565158988e+00 +8.565158988e+00 +1.1734e-01 +1.0782e-02 +4.8644e-01 +1.2574e-01 +0.0000e+00 +2.7008e-01 +7.0843e-02 +1.1525e-01 +4.2344e-01 +1.6690e-01 +1.6775e-01 +1.3293e-01 +4.4045e-02 +0.0000e+00 +5.2521e-01 +2.1568e-02 +2.0071e-01 +3.4613e-01 +9.1384e-01 +4.0090e-01
% function evaluation | noise-free fitness - Fopt (3.995000000000e+01) | best noise-free fitness - Fopt | measured fitness | best measured fitness | x1 | x2...
1 +1.054738773e+03 +1.054738773e+03 +1.094688773e+03 +1.094688773e+03 +1.1617e-01 +2.1893e-01 +7.2343e-01 +3.6654e-01 +5.8325e-02 +8.9470e-02 +4.4343e-01 +4.8209e-01 +6.5967e-01 +9.5740e-01 +5.1186e-02 +4.2807e-01 +6.2693e-01 +8.9177e-01 +4.7530e-01 +3.4612e-01 +4.3464e-01 +9.7888e-01 +4.3905e-01 +3.7566e-02
11 +5.994067634e+02 +5.994067634e+02 +6.393567634e+02 +6.393567634e+02 +3.9393e-01 +8.9056e-01 +6.9423e-01 +7.6144e-01 +2.5607e-01 +1.6568e-01 +5.0978e-01 +5.9200e-01 +9.2546e-01 +4.8676e-01 +7.9994e-02 +4.7070e-01 +2.0497e-01 +6.6130e-01 +1.2515e-01 +9.0931e-01 +2.7639e-01 +2.2026e-01 +2.4833e-01 +8.1245e-01
125 +3.399945719e+02 +3.399945719e+02 +3.799445719e+02 +3.799445719e+02 +6.1921e-02 +1.7378e-01 +7.0145e-01 +2.8013e-01 +1.6731e-01 +1.7089e-01 +2.9522e-01 +6.6135e-01 +4.8257e-01 +4.2874e-01 +3.3080e-01 +6.6845e-02 +6.2897e-01 +2.5599e-01 +8.2503e-01 +7.1740e-01 +1.1256e-01 +2.6678e-01 +2.3154e-01 +2.7324e-01
181 +2.267100710e+02 +2.267100710e+02 +2.666600710e+02 +2.666600710e+02 +0.0000e+00 +1.9045e-01 +5.0000e-01 +1.4994e-01 +7.9834e-02 +2.9667e-01 +4.0480e-01 +7.5988e-02 +5.4194e-01 +5.9241e-01 +2.2985e-01 +3.9424e-02 +1.4096e-01 +9.8432e-02 +6.4346e-01 +8.8656e-01 +3.0338e-01 +5.6952e-02 +7.8507e-02 +1.0464e-01
340 +1.457447432e+02 +1.457447432e+02 +1.856947432e+02 +1.856947432e+02 +9.8690e-02 +3.7398e-01 +2.7796e-01 +1.3048e-02 +1.4760e-01 +1.6196e-01 +4.7077e-01 +1.4091e-01 +3.1435e-01 +5.9510e-02 +5.0243e-02 +3.1816e-02 +5.1787e-02 +1.1329e-01 +2.4372e-01 +3.5872e-01 +1.5431e-03 +0.0000e+00 +8.3406e-02 +1.2907e-01
2028 +9.939307510e+01 +9.939307510e+01 +1.393430751e+02 +1.393430751e+02 +3.5443e-01 +1.2479e-01 +2.5589e-03 +1.9404e-01 +0.0000e+00 +3.8525e-02 +7.3754e-02 +7.6671e-02 +2.3849e-01 +0.0000e+00 +3.0594e-02 +3.2038e-02 +1.6651e-04 +2.6849e-01 +1.5250e-04 +5.0578e-01 +1.8808e-01 +8.6192e-02 +3.6655e-01 +2.0487e-01
% function evaluation | noise-free fitness - Fopt (7.762000000000e+01) | best noise-free fitness - Fopt | measured fitness | best measured fitness | x1 | x2...
1 +1.214885348e+03 +1.214885348e+03 +1.292505348e+03 +1.292505348e+03 +8.5886e-01 +1.6931e-01 +1.4129e-01 +1.3552e-03 +5.9585e-01 +9.6677e-02 +1.8083e-01 +2.4007e-01 +3.4509e-01 +5.1997e-02 +2.5684e-01 +6.0338e-01 +2.8024e-01 +3.0938e-02 +8.5409e-01 +7.8978e-01 +7.8294e-01 +1.0612e-01 +6.5653e-01 +1.2619e-01
8 +6.939389770e+02 +6.939389770e+02 +7.715589770e+02 +7.715589770e+02 +3.2599e-01 +5.8672e-01 +2.4469e-01 +6.3358e-01 +4.6679e-01 +2.6170e-01 +4.5842e-01 +2.6719e-01 +5.4077e-01 +9.1197e-01 +3.4063e-01 +3.4411e-01 +6.0091e-01 +1.8829e-01 +9.2507e-02 +7.9017e-01 +3.5469e-01 +1.1551e-02 +1.5820e-02 +4.1879e-02
68 +6.060246533e+02 +6.060246533e+02 +6.836446533e+02 +6.836446533e+02 +6.8334e-02 +9.8596e-01 +5.8688e-01 +2.6763e-01 +7.7658e-02 +0.0000e+00 +7.9333e-01 +6.9400e-01 +1.1086e-04 +5.3766e-01 +1.9076e-01 +4.4075e-02 +7.4281e-01 +0.0000e+00 +0.0000e+00 +8.7850e-01 +1.0784e-01 +3.8643e-02 +0.0000e+00 +2.0864e-02
126 +3.450526477e+02 +3.450526477e+02 +4.226726477e+02 +4.226726477e+02 +1.0000e+00 +0.0000e+00 +1.0000e+00 +5.0000e-01 +2.9913e-01 +2.3835e-01 +8.3949e-02 +0.0000e+00 +0.0000e+00 +5.0000e-01 +2.7778e-01 +1.8048e-01 +5.5872e-01 +1.7693e-02 +2.5233e-02 +1.7540e-01 +3.3838e-01 +1.7917e-01 +1.3991e-01 +4.1010e-02
192 +2.347955399e+02 +2.347955399e+02 +3.124155399e+02 +3.124155399e+02 +3.0450e-01 +0.0000e+00 +9.7596e-01 +6.2812e-02 +1.4125e-01 +2.1147e-01 +2.3528e-01 +0.0000e+00 +6.7290e-02 +5.2607e-01 +8.7238e-02 +1.4011e-02 +2.6283e-01 +2.5616e-02 +3.8808e-02 +1.5340e-01 +5.0085e-01 +6.6273e-02 +0.0000e+00 +0.0000e+00
275 +1.565573309e+02 +1.565573309e+02 +2.341773309e+02 +2.341773309e+02 +0.0000e+00 +0.0000e+00 +4.1205e-01 +0.0000e+00 +0.0000e+00 +1.8880e-01 +2.4582e-02 +0.0000e+00 +2.5691e-01 +0.0000e+00 +0.0000e+00 +0.0000e+00 +2.5324e-01 +1.1634e-03 +0.0000e+00 +4.4901e-02 +1.3926e-02 +2.5056e-01 +2.9892e-03 +0.0000e+00
% function evaluation | noise-free fitness - Fopt (-1.092400000000e+02) | best noise-free fitness - Fopt | measured fitness | best measured fitness | x1 | x2...
1 +2.072053726e+03 +2.072053726e+03 +1.962813726e+03 +1.962813726e+03 +3.3902e-01 +9.6326e-01 +8.2887e-01 +6.6532e-01 +1.8857e-01 +7.1302e-01 +7.9466e-01 +4.4517e-01 +1.0095e-02 +7.4870e-01 +4.3347e-01 +7.0935e-01 +9.8707e-01 +9.1370e-01 +8.1515e-01 +6.9362e-02 +6.9889e-01 +7.0957e-01 +3.2590e-01 +1.6994e-01
2 +1.271754159e+03 +1.271754159e+03 +1.162514159e+03 +1.162514159e+03 +1.0128e-01 +9.1436e-01 +5.3007e-01 +8.2292e-03 +1.2760e-01 +6.7479e-01 +6.2785e-01 +9.0921e-02 +9.9128e-01 +2.3318e-01 +2.1559e-01 +1.0901e-01 +4.0477e-02 +2.4252e-01 +1.0956e-01 +5.1983e-01 +8.4039e-01 +4.4171e-01 +9.0720e-01 +1.5511e-01
7 +7.587016917e+02 +7.587016917e+02 +6.494616917e+02 +6.494616917e+02 +3.0815e-02 +2.4021e-01 +6.3274e-03 +5.7433e-01 +1.6951e-01 +1.5949e-01 +2.2836e-01 +4.6856e-01 +9.8804e-01 +9.4851e-01 +2.5753e-01 +5.2868e-01 +3.7683e-01 +5.7743e-01 +9.9276e-03 +5.3257e-01 +7.2329e-01 +2.3468e-01 +9.1863e-01 +8.1371e-02
67 +6.011600298e+02 +6.011600298e+02 +4.919200298e+02 +4.919200298e+02 +2.4101e-02 +1.0000e+00 +0.0000e+00 +4.1260e-01 +3.9291e-01 +1.6167e-01 +2.7884e-01 +2.5494e-01 +7.5320e-01 +7.9650e-03 +3.8243e-01 +5.5416e-01 +4.9763e-01 +7.2629e-01 +5.1298e-01 +4.3777e-01 +4.5571e-01 +6.5374e-01 +7.2878e-01 +1.0000e+00
122 +3.901679356e+02 +3.901679356e+02 +2.809279356e+02 +2.809279356e+02 +4.1291e-02 +1.0000e+00 +2.8376e-01 +9.9923e-01 +0.0000e+00 +0.0000e+00 +4.6652e-01 +1.0000e+00 +5.7307e-01 +6.4200e-02 +3.1443e-01 +6.2743e-01 +8.0141e-01 +2.2184e-01 +0.0000e+00 +1.1438e-01 +0.0000e+00 +1.8360e-03 +0.0000e+00 +1.0000e+00
192 +2.483881727e+02 +2.483881727e+02 +1.391481727e+02 +1.391481727e+02 +1.9238e-01 +4.5272e-01 +1.4177e-01 +2.5791e-02 +2.3105e-01 +0.0000e+00 +2.3320e-02 +9.4879e-02 +2.7188e-02 +6.4809e-02 +3.3340e-01 +1.7943e-01 +1.0000e+00 +5.4894e-01 +3.7757e-02 +5.7310e-03 +1.2002e-01 +0.0000e+00 +0.0000e+00 +7.1212e-01
480 +1.526434582e+02 +1.526434582e+02 +4.340345818e+01 +4.340345818e+01 +1.9006e-02 +4.5329e-01 +1.2586e-01 +1.0955e-02 +1.0717e-01 +3.8529e-03 +2.0019e-01 +0.0000e+00 +0.0000e+00 +2.8192e-02 +7.5408e-02 +1.8726e-02 +0.0000e+00 +0.0000e+00 +0.0000e+00 +0.0000e+00 +2.5893e-01 +1.4146e-03 +0.0000e+00 +0.0000e+00
