% function evaluation | noise-free fitness - Fopt (-4.620900000000e+02) | best noise-free fitness - Fopt | measured fitness | best measured fitness | x1 | x2...
1 +8.660642503e+02 +8.660642503e+02 +4.039742503e+02 +4.039742503e+02 +5.7131e-01 +3.6476e-01 +6.8655e-01 +7.4630e-01 +6.1385e-01 +8.1472e-01 +8.4816e-01 +4.2950e-02 +7.9886e-01 +8.4863e-01 +8.5084e-01 +7.4041e-02 +8.9953e-01 +8.2920e-01 +4.3891e-01 +1.5537e-01 +5.4484e-01 +6.6065e-01 +1.0002e-02 +1.8880e-01
26 +6.037494610e+02 +6.037494610e+02 +1.416594610e+02 +1.416594610e+02 +7.7351e-02 +4.2468e-02 +5.1560e-01 +6.2819e-01 +7.5646e-01 +2.1430e-01 +5.3904e-01 +5.0167e-01 +6.3470e-01 +7.8764e-01 +9.4267e-01 +3.8544e-02 +4.1875e-01 +4.6110e-01 +1.9860e-01 +3.8078e-01 +3.3522e-01 +6.5072e-01 +1.5180e-01 +3.7176e-01
722 +3.921587008e+02 +3.921587008e+02 -6.993129916e+01 -6.993129916e+01 +4.6089e-01 +4.5822e-01 +5.8025e-01 +7.3046e-01 +8.5289e-01 +0.0000e+00 +4.0104e-01 +7.8415e-01 +1.5616e-02 +6.8248e-02 +5.1395e-01 +0.0000e+00 +1.0851e-01 +2.0034e-02 +9.5402e-01 +4.5006e-02 +1.5243e-04 +8.2949e-01 +8.7749e-01 +8.8858e-01
% function evaluation | noise-free fitness - Fopt (7.766000000000e+01) | best noise-free fitness - Fopt | measured fitness | best measured fitness | x1 | x2...
1 +7.510608365e+02 +7.510608365e+02 +8.287208365e+02 +8.287208365e+02 +5.5007e-01 +3.6365e-01 +2.2837e-01 +6.1981e-01 +7.8037e-01 +9.3957e-01 +8.7804e-01 +5.1004e-01 +9.6503e-01 +3.4333e-01 +8.7306e-01 +9.1042e-01 +3.6338e-01 +7.1740e-02 +7.2829e-01 +5.6457e-01 +4.4109e-01 +1.4372e-01 +8.8699e-01 +6.7942e-01
16 +6.212796156e+02 +6.212796156e+02 +6.989396156e+02 +6.989396156e+02 +4.6635e-01 +3.0578e-01 +5.1162e-01 +2.2330e-01 +2.7079e-01 +4.2146e-01 +5.9003e-01 +5.1087e-01 +2.9338e-01 +8.2460e-01 +6.4679e-01 +5.6990e-01 +2.0921e-01 +1.5525e-01 +6.0790e-01 +9.0409e-01 +3.5071e-01 +6.2920e-02 +2.4140e-01 +9.5960e-01
938 +3.942470475e+02 +3.942470475e+02 +4.719070475e+02 +4.719070475e+02 +2.1221e-01 +1.1174e-01 +3.2263e-01 +0.0000e+00 +9.9872e-01 +1.0000e+00 +5.0640e-01 +2.3767e-01 +1.5701e-01 +2.1672e-01 +7.6897e-01 +6.4725e-01 +2.9203e-01 +8.8090e-02 +6.4745e-01 +9.9724e-01 +2.9019e-01 +1.1274e-02 +8.3447e-01 +6.6133e-02
% function evaluation | noise-free fitness - Fopt (1.156800000000e+02) | best noise-free fitness - Fopt | measured fitness | best measured fitness | x1 | x2...
1 +5.717691251e+02 +5.717691251e+02 +6.874491251e+02 +6.874491251e+02 +8.2093e-01 +4.1999e-01 +3.3550e-01 +3.1749e-01 +9.5337e-01 +6.8092e-01 +1.7929e-01 +5.3320e-01 +7.5475e-01 +1.9978e-01 +7.8884e-01 +6.4666e-01 +3.8168e-01 +2.2486e-01 +7.0095e-01 +8.0775e-01 +5.8048e-01 +7.7930e-01 +9.3564e-01 +2.9903e-02
545 +3.978464760e+02 +3.978464760e+02 +5.135264760e+02 +5.135264760e+02 +1.6787e-01 +9.4926e-01 +2.2580e-01 +6.0751e-01 +6.9316e-02 +9.3212e-05 +1.3872e-01 +5.2164e-01 +8.5813e-01 +2.6173e-01 +1.0000e+00 +8.7279e-01 +9.7887e-01 +2.3683e-01 +8.9502e-01 +2.8148e-02 +8.6465e-03 +9.7524e-01 +1.0000e+00 +4.5088e-02
% function evaluation | noise-free fitness - Fopt (-3.710000000000e+00) | best noise-free fitness - Fopt | measured fitness | best measured fitness | x1 | x2...
1 +7.556974341e+02 +7.556974341e+02 +7.519874341e+02 +7.519874341e+02 +6.4870e-01 +1.5610e-01 +4.3504e-01 +1.5862e-01 +7.6453e-01 +9.0927e-01 +2.6554e-01 +1.8139e-01 +8.7906e-01 +2.1642e-01 +9.4513e-01 +8.4605e-01 +6.8049e-01 +6.7759e-01 +8.0039e-01 +1.2471e-01 +1.1451e-01 +3.0041e-01 +8.5736e-01 +8.4914e-01
42 +6.250480007e+02 +6.250480007e+02 +6.213380007e+02 +6.213380007e+02 +9.3211e-01 +2.1125e-01 +2.2076e-01 +0.0000e+00 +7.9550e-01 +4.9401e-01 +1.8979e-01 +3.3382e-01 +0.0000e+00 +7.8219e-01 +4.0323e-01 +2.1464e-01 +3.0557e-01 +2.6899e-01 +0.0000e+00 +5.4053e-01 +7.2926e-01 +5.4612e-01 +1.0000e+00 +0.0000e+00
4342 +3.964846384e+02 +3.964846384e+02 +3.927746384e+02 +3.927746384e+02 +9.8636e-01 +5.3097e-01 +8.9572e-01 +5.4769e-01 +7.3634e-01 +6.8200e-01 +1.5884e-01 +1.2738e-03 +5.9768e-01 +6.7936e-01 +9.6370e-01 +5.5866e-01 +6.1296e-01 +1.5175e-01 +1.3109e-01 +2.8885e-02 +6.9225e-01 +7.5175e-01 +7.8725e-01 +1.2968e-05
% function evaluation | noise-free fitness - Fopt (1.321800000000e+02) | best noise-free fitness - Fopt | measured fitness | best measured fitness | x1 | x2...
1 +4.827093208e+02 +4.827093208e+02 +6.148893208e+02 +6.148893208e+02 +8.0192e-01 +8.4302e-01 +2.4096e-01 +6.8005e-03 +5.3972e-01 +8.6329e-01 +1.2228e-01 +8.2607e-01 +3.2134e-01 +9.3699e-01 +1.1376e-02 +9.4757e-01 +1.9236e-01 +1.1132e-02 +2.5668e-01 +3.9336e-01 +5.1280e-01 +8.2507e-01 +9.3046e-01 +6.7219e-01
17 +3.728876537e+02 +3.728876537e+02 +5.050676537e+02 +5.050676537e+02 +5.4868e-01 +8.0474e-01 +6.4542e-01 +6.0668e-01 +3.2807e-01 +4.1663e-01 +2.4479e-01 +8.4097e-01 +1.8339e-01 +9.2377e-01 +1.9347e-01 +4.4463e-03 +7.6880e-01 +1.2683e-01 +8.2505e-01 +7.9033e-01 +6.0359e-01 +9.0933e-01 +6.6855e-01 +5.6434e-02
1209 +2.496113745e+02 +2.496113745e+02 +3.817913745e+02 +3.817913745e+02 +6.7998e-01 +4.9445e-01 +7.2820e-01 +3.7801e-01 +9.9957e-01 +3.8134e-01 +2.1323e-01 +7.0332e-02 +1.0000e+00 +4.0247e-01 +2.4877e-01 +1.3408e-02 +1.8436e-03 +1.0000e+00 +9.3704e-01 +7.7154e-01 +8.8314e-01 +8.9570e-01 +6.4042e-01 +1.0000e+00
% function evaluation | noise-free fitness - Fopt (-4.174000000000e+01) | best noise-free fitness - Fopt | measured fitness | best measured fitness | x1 | x2...
1 +7.611936403e+02 +7.611936403e+02 +7.194536403e+02 +7.194536403e+02 +6.9584e-01 +3.9819e-01 +9.6842e-01 +2.7554e-01 +2.1592e-01 +2.7866e-02 +1.9934e-01 +2.4601e-01 +1.1904e-01 +5.6318e-01 +1.4638e-01 +1.0824e-01 +4.7117e-01 +7.6429e-02 +6.7191e-01 +6.4522e-01 +9.1793e-01 +7.0182e-01 +1.6221e-01 +2.3093e-02
3 +5.684199001e+02 +5.684199001e+02 +5.266799001e+02 +5.266799001e+02 +3.1776e-01 +8.3309e-01 +4.7741e-02 +4.4496e-01 +6.7510e-01 +7.0636e-01 +1.4100e-01 +4.9397e-01 +6.0270e-01 +2.3380e-01 +7.8710e-01 +4.5307e-01 +7.8531e-02 +7.8923e-01 +4.1842e-01 +2.1969e-01 +1.6560e-01 +9.7554e-01 +7.2958e-01 +6.1181e-01
625 +3.892096942e+02 +3.892096942e+02 +3.474696942e+02 +3.474696942e+02 +4.8550e-02 +7.6988e-01 +1.0621e-01 +8.9168e-01 +2.4982e-02 +6.3343e-01 +8.1489e-01 +2.6402e-01 +6.9347e-01 +4.1315e-01 +7.5001e-01 +1.0000e+00 +7.4597e-02 +2.1212e-02 +8.6797e-01 +1.0836e-02 +9.4733e-01 +8.5571e-01 +9.2214e-01 +9.4618e-01
% function evaluation | noise-free fitness - Fopt (-4.948600000000e+02) | best noise-free fitness - Fopt | measured fitness | best measured fitness | x1 | x2...
1 +5.804117000e+02 +5.804117000e+02 +8.555169999e+01 +8.555169999e+01 +3.4818e-01 +3.5212e-02 +2.7369e-02 +3.4750e-01 +3.7728e-01 +2.1676e-01 +3.3457e-01 +5.5784e-01 +3.1237e-01 +9.5028e-01 +6.6720e-01 +3.3224e-01 +8.8150e-01 +6.7010e-01 +7.5263e-01 +5.4720e-01 +9.7137e-02 +8.7989e-02 +1.3286e-01 +6.2672e-01
312 +3.953817707e+02 +3.953817707e+02 -9.947822928e+01 -9.947822928e+01 +1.0000e+00 +7.5879e-01 +9.5361e-01 +1.4300e-01 +7.6641e-01 +1.0000e+00 +9.8951e-01 +7.2265e-01 +9.8723e-01 +5.2505e-01 +9.5088e-01 +1.0679e-01 +9.9783e-01 +3.5099e-03 +8.6683e-01 +0.0000e+00 +6.1136e-01 +1.0000e+00 +9.0493e-01 +4.4736e-01
% function evaluation | noise-free fitness - Fopt (3.484000000000e+02) | best noise-free fitness - Fopt | measured fitness | best measured fitness | x1 | x2...
1 +5.911042005e+02 +5.911042005e+02 +9.395042005e+02 +9.395042005e+02 +1.0227e-01 +6.7172e-01 +7.6009e-01 +1.2496e-01 +1.5046e-01 +7.2029e-02 +5.6688e-01 +7.9553e-01 +3.1564e-01 +1.0609e-01 +1.5443e-01 +1.7175e-02 +3.2197e-01 +4.6556e-01 +7.7295e-01 +1.0862e-01 +3.4072e-01 +1.5258e-01 +3.1806e-01 +7.2329e-01
82 +3.861533982e+02 +3.861533982e+02 +7.345533982e+02 +7.345533982e+02 +0.0000e+00 +7.3842e-01 +6.7507e-01 +6.8345e-01 +3.8175e-01 +5.9820e-01 +9.2816e-01 +4.9333e-01 +8.7060e-01 +1.0497e-01 +2.6846e-01 +6.6891e-01 +6.4204e-01 +9.9702e-01 +8.1176e-01 +1.0000e+00 +5.7585e-01 +7.1318e-01 +9.7553e-01 +8.2422e-01
% function evaluation | noise-free fitness - Fopt (3.770000000000e+00) | best noise-free fitness - Fopt | measured fitness | best measured fitness | x1 | x2...
1 +6.338915686e+02 +6.338915686e+02 +6.376615686e+02 +6.376615686e+02 +9.7156e-02 +6.4080e-02 +5.3608e-01 +8.5196e-02 +8.2492e-01 +1.1081e-01 +3.8051e-01 +8.7757e-01 +6.2534e-01 +2.2654e-01 +8.5775e-01 +3.2574e-01 +4.6931e-01 +7.6436e-01 +3.4062e-01 +4.7560e-01 +4.6365e-01 +8.3012e-01 +6.9056e-01 +6.1999e-01
3 +6.274694699e+02 +6.274694699e+02 +6.312394699e+02 +6.312394699e+02 +4.3336e-01 +6.0534e-01 +5.7320e-01 +9.2597e-01 +4.9694e-02 +8.5921e-01 +9.7361e-01 +3.7782e-01 +1.4188e-01 +9.2571e-02 +7.6463e-01 +7.8114e-01 +1.2085e-01 +3.6160e-01 +1.7225e-01 +9.7924e-01 +1.7961e-01 +8.5513e-01 +1.1175e-01 +6.3271e-01
313 +3.931394782e+02 +3.931394782e+02 +3.969094782e+02 +3.969094782e+02 +9.9999e-01 +7.6644e-01 +4.5110e-01 +1.7998e-01 +9.1596e-01 +7.4236e-02 +7.6107e-01 +9.2412e-01 +6.8874e-01 +1.8664e-01 +9.1204e-01 +6.4407e-01 +1.2690e-01 +1.4614e-01 +8.6456e-02 +1.0000e+00 +2.3009e-01 +3.5516e-02 +9.5455e-01 +9.9352e-01
% function evaluation | noise-free fitness - Fopt (3.770000000000e+01) | best noise-free fitness - Fopt | measured fitness | best measured fitness | x1 | x2...
1 +5.301161199e+02 +5.301161199e+02 +5.678161199e+02 +5.678161199e+02 +7.4673e-01 +1.5371e-01 +6.6961e-01 +4.4425e-01 +3.3021e-01 +9.0266e-01 +1.5731e-01 +3.7112e-01 +7.7137e-01 +3.5532e-01 +4.4844e-01 +3.5456e-01 +7.9020e-02 +3.7449e-01 +3.5054e-01 +2.7182e-01 +1.3300e-01 +9.7756e-02 +4.5175e-01 +8.3854e-01
156 +3.943257993e+02 +3.943257993e+02 +4.320257993e+02 +4.320257993e+02 +2.0036e-01 +5.6551e-01 +9.4445e-01 +1.0000e+00 +6.4744e-01 +8.0669e-01 +4.4443e-01 +5.8346e-01 +7.9231e-01 +9.3147e-01 +1.2565e-01 +3.5933e-03 +1.8815e-01 +7.1126e-01 +1.0000e+00 +9.9444e-01 +9.7618e-01 +0.0000e+00 +9.0989e-01 +1.1630e-01
% function evaluation | noise-free fitness - Fopt (6.956900000000e+02) | best noise-free fitness - Fopt | measured fitness | best measured fitness | x1 | x2...
1 +7.434015989e+02 +7.434015989e+02 +1.439091599e+03 +1.439091599e+03 +7.0198e-01 +7.6480e-01 +1.8558e-01 +2.6590e-01 +9.2908e-01 +7.7722e-02 +5.0966e-01 +3.2276e-02 +6.7421e-02 +6.0822e-01 +1.1302e-01 +3.5671e-01 +3.1243e-01 +7.4551e-01 +2.7421e-01 +8.3989e-01 +3.2624e-01 +3.0610e-01 +7.3523e-01 +5.2709e-01
4 +5.540688105e+02 +5.540688105e+02 +1.249758810e+03 +1.249758810e+03 +5.6400e-01 +6.2269e-01 +9.8307e-01 +2.5554e-01 +5.7413e-01 +3.7873e-01 +6.4975e-01 +4.3723e-01 +4.9277e-01 +9.6016e-01 +9.3275e-01 +1.3661e-01 +8.8665e-01 +9.6046e-01 +5.7920e-01 +1.0104e-01 +6.7004e-01 +8.9950e-01 +8.6530e-01 +6.6629e-01
585 +3.921088631e+02 +3.921088631e+02 +1.087798863e+03 +1.087798863e+03 +2.3019e-01 +3.1703e-01 +5.7312e-01 +8.6490e-01 +2.5741e-01 +5.9518e-01 +9.2448e-01 +9.5489e-01 +9.8904e-01 +1.0000e+00 +9.9055e-01 +5.4136e-01 +6.4593e-01 +4.7286e-01 +1.3129e-02 +2.5095e-01 +4.5315e-01 +6.9086e-01 +8.8264e-01 +9.7308e-02
% function evaluation | noise-free fitness - Fopt (-1.180300000000e+02) | best noise-free fitness - Fopt | measured fitness | best measured fitness | x1 | x2...
1 +6.061463002e+02 +6.061463002e+02 +4.881163002e+02 +4.881163002e+02 +1.2515e-01 +2.1572e-01 +7.8034e-01 +2.7555e-01 +4.4887e-01 +7.4535e-01 +7.8279e-01 +1.1332e-01 +3.6073e-01 +3.5135e-01 +2.8658e-01 +2.1958e-01 +7.9324e-01 +6.4690e-01 +2.9570e-01 +4.9987e-01 +8.7254e-01 +1.2354e-01 +7.6671e-02 +8.0694e-01
433 +3.902284301e+02 +3.902284301e+02 +2.721984301e+02 +2.721984301e+02 +1.7851e-01 +8.9280e-01 +1.1343e-01 +1.6890e-01 +6.5880e-01 +2.9818e-01 +4.5467e-01 +5.3814e-01 +9.5653e-01 +1.0000e+00 +1.0000e+00 +1.0000e+00 +1.0000e+00 +1.2236e-01 +3.2879e-01 +9.4946e-01 +8.8572e-01 +8.5219e-01 +1.0000e+00 +0.0000e+00
% function evaluation | noise-free fitness - Fopt (4.816000000000e+01) | best noise-free fitness - Fopt | measured fitness | best measured fitness | x1 | x2...
1 +5.323438300e+02 +5.323438300e+02 +5.805038300e+02 +5.805038300e+02 +5.2892e-01 +4.2015e-01 +2.6440e-01 +5.9705e-01 +7.8309e-01 +6.6996e-01 +7.2290e-02 +7.6110e-01 +8.6660e-01 +7.3055e-01 +6.1349e-01 +2.9121e-01 +6.9126e-01 +1.1534e-01 +8.7307e-01 +6.1407e-01 +4.2152e-01 +1.5022e-02 +1.0130e-01 +9.4436e-01
3 +3.862473665e+02 +3.862473665e+02 +4.344073665e+02 +4.344073665e+02 +6.8252e-01 +9.4524e-01 +7.8356e-01 +7.2060e-01 +3.0642e-01 +3.0566e-01 +6.9540e-01 +5.4547e-01 +2.5863e-01 +1.9213e-01 +2.1969e-01 +4.8519e-01 +9.9372e-01 +2.3504e-01 +1.1202e-01 +8.2106e-01 +3.9257e-01 +2.9210e-01 +3.3306e-01 +5.2144e-01
683 +2.507143534e+02 +2.507143534e+02 +2.988743534e+02 +2.988743534e+02 +2.6533e-01 +9.9974e-01 +9.7703e-01 +9.8582e-01 +9.9985e-01 +9.6838e-01 +5.6147e-01 +5.8000e-01 +6.7449e-01 +8.3204e-01 +1.0949e-01 +9.3984e-02 +4.7632e-01 +8.6885e-01 +1.0000e+00 +3.9540e-01 +8.3763e-01 +2.1617e-01 +9.5951e-02 +1.1505e-01
% function evaluation | noise-free fitness - Fopt (8.384000000000e+01) | best noise-free fitness - Fopt | measured fitness | best measured fitness | x1 | x2...
1 +6.337303986e+02 +6.337303986e+02 +7.175703986e+02 +7.175703986e+02 +6.7596e-01 +2.6826e-01 +7.5076e-01 +5.0799e-01 +4.5612e-01 +3.7659e-01 +8.8590e-01 +9.9038e-01 +2.8489e-01 +6.4522e-01 +2.9421e-01 +3.5925e-02 +4.9737e-01 +3.8630e-01 +8.3515e-01 +4.5731e-01 +8.5710e-01 +6.5177e-01 +5.1430e-01 +1.8483e-01
2 +6.084967117e+02 +6.084967117e+02 +6.923367117e+02 +6.923367117e+02 +4.9566e-01 +2.7277e-01 +3.9414e-01 +4.3678e-01 +9.2580e-01 +2.6031e-01 +1.0983e-01 +5.2274e-01 +8.0385e-01 +5.4138e-01 +7.8631e-01 +1.0494e-01 +5.5819e-01 +2.3032e-01 +8.8583e-01 +4.2774e-01 +7.3228e-01 +1.8321e-01 +4.5860e-01 +3.2540e-01
333 +3.835290817e+02 +3.835290817e+02 +4.673690817e+02 +4.673690817e+02 +6.3658e-01 +5.6523e-01 +8.1310e-01 +7.0733e-01 +6.1965e-01 +1.6926e-01 +2.2781e-01 +3.8579e-02 +6.2112e-01 +6.6354e-01 +0.0000e+00 +9.3978e-04 +9.8979e-01 +3.3618e-01 +1.0000e+00 +9.7539e-01 +4.8884e-01 +7.9453e-01 +1.0000e+00 +1.6550e-01
% function evaluation | noise-free fitness - Fopt (1.536000000000e+01) | best noise-free fitness - Fopt | measured fitness | best measured fitness | x1 | x2...
1 +7.398167196e+02 +7.398167196e+02 +7.551767196e+02 +7.551767196e+02 +5.6891e-01 +2.4485e-01 +4.4436e-01 +3.3622e-01 +9.2636e-01 +8.9768e-01 +3.4546e-01 +2.6930e-01 +9.7555e-01 +1.8955e-01 +7.0133e-01 +9.1189e-01 +3.5085e-01 +3.5810e-01 +4.8481e-01 +2.8022e-01 +4.1168e-01 +3.6782e-01 +5.5987e-01 +9.2614e-01
26 +6.029088580e+02 +6.029088580e+02 +6.182688580e+02 +6.182688580e+02 +1.8712e-01 +1.0000e+00 +3.4569e-01 +3.0994e-01 +4.2776e-01 +6.4954e-01 +7.4040e-01 +2.9864e-01 +1.0000e+00 +6.0422e-01 +4.4615e-01 +8.4703e-01 +3.2832e-01 +4.7948e-01 +6.2409e-01 +2.6035e-01 +9.1647e-01 +6.7259e-01 +7.2089e-01 +2.4092e-01
