% function evaluation | noise-free fitness - Fopt (7.627000000000e+01) | best noise-free fitness - Fopt | measured fitness | best measured fitness | x1 | x2...
1 +7.392921432e+04 +7.392921432e+04 +7.400548432e+04 +7.400548432e+04 +1.7792e-01 +5.6889e-01 +1.3923e-01 +2.2235e-01 +5.4575e-01 +1.5989e-01 +1.4885e-01 +8.3580e-01 +1.0742e-01 +8.9748e-01 +9.5036e-02 +6.0978e-01 +7.3576e-01 +2.9171e-01 +1.1680e-01 +3.6850e-01 +6.9457e-01 +9.7897e-01 +2.5422e-01 +9.8101e-01
4 +2.975889512e+04 +2.975889512e+04 +2.983516512e+04 +2.983516512e+04 +6.0380e-01 +1.8750e-01 +6.7028e-01 +7.9590e-03 +2.0005e-01 +6.0475e-01 +5.3013e-01 +5.9091e-02 +2.6809e-01 +8.5292e-01 +9.9264e-01 +9.2643e-01 +6.7369e-01 +9.4215e-01 +5.8686e-01 +3.2025e-02 +1.4725e-01 +4.5353e-01 +8.9288e-01 +6.2902e-01
5 +2.485925487e+03 +2.485925487e+03 +2.562195487e+03 +2.562195487e+03 +4.0947e-02 +2.6032e-01 +2.1909e-01 +1.0654e-01 +4.5596e-01 +8.7907e-01 +3.4403e-01 +4.4335e-01 +1.3262e-01 +7.4430e-01 +4.3447e-01 +5.5430e-01 +8.0551e-01 +6.6246e-01 +2.9470e-01 +5.4498e-01 +7.8125e-01 +8.3447e-02 +4.7941e-01 +4.5368e-01
14 +1.004326143e+03 +1.004326143e+03 +1.080596143e+03 +1.080596143e+03 +8.3908e-01 +7.9720e-01 +7.5771e-02 +5.3576e-02 +7.8143e-01 +6.7836e-01 +7.0056e-01 +2.4780e-01 +8.7853e-02 +3.2730e-01 +7.3152e-01 +6.1109e-01 +9.6225e-01 +1.1473e-01 +1.4797e-01 +1.2970e-01 +9.9877e-01 +9.1392e-02 +3.2256e-01 +2.0451e-01
21 +1.457546014e+02 +1.457546014e+02 +2.220246014e+02 +2.220246014e+02 +4.4223e-01 +3.9349e-01 +3.1629e-01 +1.2328e-01 +1.0000e+00 +6.5989e-01 +4.7008e-01 +5.9896e-01 +6.0742e-01 +1.0000e+00 +4.4700e-01 +6.9407e-01 +5.6581e-01 +7.9171e-01 +5.5066e-01 +8.0735e-01 +5.7223e-01 +5.5542e-01 +4.5701e-01 +6.7961e-01
210 +9.530718004e+01 +9.530718004e+01 +1.715771800e+02 +1.715771800e+02 +0.0000e+00 +3.4880e-02 +8.7395e-02 +8.8280e-01 +0.0000e+00 +5.0099e-01 +8.7559e-01 +1.0000e+00 +7.3471e-01 +6.7427e-01 +1.0092e-02 +3.6233e-01 +9.5538e-01 +4.9789e-01 +6.0585e-03 +5.6111e-01 +1.0000e+00 +5.5163e-01 +1.0000e+00 +3.4985e-01
% function evaluation | noise-free fitness - Fopt (-2.255000000000e+01) | best noise-free fitness - Fopt | measured fitness | best measured fitness | x1 | x2...
1 +9.009786001e+04 +9.009786001e+04 +9.007531001e+04 +9.007531001e+04 +8.3968e-01 +7.1360e-01 +7.9515e-01 +4.7884e-01 +2.8061e-01 +9.0654e-01 +6.1813e-01 +3.3020e-01 +1.1124e-01 +2.9571e-01 +3.3697e-02 +2.2116e-01 +9.4772e-01 +1.4007e-01 +7.4215e-01 +8.1817e-01 +9.0092e-01 +2.9071e-01 +6.6044e-01 +5.1615e-01
2 +9.996375954e+03 +9.996375954e+03 +9.973825954e+03 +9.973825954e+03 +5.2610e-02 +5.7849e-01 +8.8548e-01 +5.3315e-01 +7.0586e-01 +5.7173e-01 +8.1044e-01 +1.9658e-01 +6.0871e-01 +5.3530e-01 +8.0698e-01 +7.3063e-01 +4.0891e-01 +9.1409e-02 +6.0004e-01 +2.0321e-01 +3.5087e-01 +2.5707e-01 +2.3014e-01 +6.5614e-01
3 +3.943278897e+03 +3.943278897e+03 +3.920728897e+03 +3.920728897e+03 +2.0292e-01 +7.6361e-01 +5.9501e-01 +3.5324e-01 +5.5430e-01 +5.2587e-01 +3.4038e-01 +9.2844e-01 +4.1285e-01 +5.1115e-01 +1.4657e-01 +4.1641e-01 +1.3983e-01 +5.2554e-01 +6.5720e-01 +1.5702e-01 +7.2163e-01 +1.9725e-01 +5.6976e-01 +4.5106e-01
15 +1.036854268e+03 +1.036854268e+03 +1.014304268e+03 +1.014304268e+03 +1.6624e-01 +3.8048e-01 +8.0767e-02 +1.0600e-01 +8.3668e-01 +2.3554e-02 +6.2818e-01 +1.6836e-01 +2.6194e-01 +5.2816e-01 +6.8890e-02 +8.5628e-01 +5.3573e-02 +7.3875e-01 +4.3968e-01 +5.1979e-01 +9.9870e-01 +7.6441e-01 +2.2043e-01 +2.7497e-01
18 +6.475261246e+02 +6.475261246e+02 +6.249761246e+02 +6.249761246e+02 +5.8540e-01 +9.4770e-01 +9.1045e-01 +7.0151e-01 +1.9753e-01 +2.6929e-01 +4.3401e-01 +1.1325e-01 +4.1343e-01 +2.6156e-01 +9.0184e-01 +8.9282e-01 +2.2390e-01 +5.3751e-01 +7.6986e-01 +3.2078e-02 +8.9388e-01 +1.9972e-01 +3.9339e-02 +2.7027e-01
28 +3.225399200e+02 +3.225399200e+02 +2.999899200e+02 +2.999899200e+02 +0.0000e+00 +4.4933e-01 +3.6245e-01 +3.3043e-01 +1.7451e-01 +2.3622e-01 +6.4928e-01 +0.0000e+00 +1.6905e-01 +1.0000e+00 +2.7328e-01 +8.6993e-01 +5.5290e-01 +3.6583e-01 +6.4780e-01 +8.9752e-01 +5.4531e-01 +0.0000e+00 +3.7015e-01 +7.5757e-01
32 +8.566541990e+01 +8.566541990e+01 +6.311541990e+01 +6.311541990e+01 +2.2577e-02 +6.2429e-01 +1.0000e+00 +1.2132e-01 +4.9740e-01 +5.1958e-01 +7.7309e-01 +8.1692e-01 +2.8911e-01 +0.0000e+00 +9.1227e-01 +9.2274e-01 +4.4887e-01 +6.0663e-01 +1.4176e-01 +4.6106e-01 +1.0000e+00 +7.1224e-01 +9.2732e-01 +6.6281e-01
% function evaluation | noise-free fitness - Fopt (1.366000000000e+01) | best noise-free fitness - Fopt | measured fitness | best measured fitness | x1 | x2...
1 +2.416072459e+05 +2.416072459e+05 +2.416209059e+05 +2.416209059e+05 +2.9493e-01 +8.8042e-01 +1.9557e-02 +2.7061e-01 +3.0090e-01 +9.4391e-01 +8.1758e-01 +7.0102e-01 +9.4911e-01 +9.8071e-01 +5.6504e-01 +6.6882e-02 +8.0070e-01 +6.7338e-01 +4.9973e-01 +1.7573e-01 +8.0662e-01 +4.7734e-01 +2.0934e-01 +6.7296e-01
3 +1.257650741e+05 +1.257650741e+05 +1.257787341e+05 +1.257787341e+05 +5.3671e-01 +4.9282e-01 +5.9124e-01 +9.5924e-01 +9.6108e-01 +4.0229e-01 +5.4826e-01 +3.0946e-01 +1.3616e-01 +7.2143e-01 +8.0399e-01 +1.7168e-01 +7.5947e-01 +4.7971e-01 +5.4867e-01 +1.7864e-01 +5.9040e-01 +6.8901e-01 +2.7940e-01 +6.2922e-02
21 +7.230129613e+04 +7.230129613e+04 +7.231495613e+04 +7.231495613e+04 +3.8437e-01 +8.5542e-01 +5.1956e-01 +7.7061e-01 +4.8253e-01 +8.2285e-01 +1.0000e+00 +2.0102e-01 +6.0183e-01 +7.8043e-01 +1.0000e+00 +2.4501e-01 +7.3526e-01 +2.5552e-01 +8.2551e-01 +5.0753e-01 +9.0556e-01 +5.7331e-01 +3.4103e-01 +1.7296e-01
23 +2.461656631e+04 +2.461656631e+04 +2.463022631e+04 +2.463022631e+04 +1.0402e-01 +9.9282e-01 +2.8305e-01 +4.9963e-01 +4.6108e-01 +7.3582e-01 +1.0000e+00 +0.0000e+00 +4.5499e-01 +7.8004e-01 +1.0000e+00 +1.5444e-01 +8.6557e-01 +5.2066e-01 +8.7457e-01 +6.7864e-01 +6.2626e-01 +3.4330e-01 +1.2624e-01 +4.1545e-01
44 +4.582344106e+02 +4.582344106e+02 +4.718944106e+02 +4.718944106e+02 +0.0000e+00 +1.0000e+00 +1.0025e-01 +7.2695e-01 +1.4264e-01 +7.1264e-01 +1.0000e+00 +0.0000e+00 +3.7176e-01 +7.1965e-01 +1.0000e+00 +0.0000e+00 +8.8178e-01 +8.9891e-01 +1.0000e+00 +6.5280e-01 +1.0000e+00 +2.4510e-01 +0.0000e+00 +4.8239e-01
49 +2.646558154e+02 +2.646558154e+02 +2.783158154e+02 +2.783158154e+02 +0.0000e+00 +1.0000e+00 +3.8009e-01 +0.0000e+00 +1.0000e+00 +5.9832e-01 +4.7441e-01 +0.0000e+00 +4.1258e-02 +7.9875e-01 +5.1844e-01 +0.0000e+00 +5.9773e-02 +4.5286e-01 +3.7911e-01 +1.0000e+00 +9.8947e-01 +6.7701e-02 +3.2030e-02 +9.2211e-02
79 +1.427585754e+02 +1.427585754e+02 +1.564185754e+02 +1.564185754e+02 +2.5235e-01 +8.9178e-01 +0.0000e+00 +4.6206e-01 +5.5840e-03 +1.1020e-01 +7.2092e-01 +6.3379e-01 +6.3811e-01 +7.9987e-01 +7.2000e-01 +7.4993e-01 +3.7595e-01 +5.6923e-01 +9.7165e-01 +9.2904e-01 +9.9200e-01 +9.0226e-02 +0.0000e+00 +4.1006e-03
% function evaluation | noise-free fitness - Fopt (9.378400000000e+02) | best noise-free fitness - Fopt | measured fitness | best measured fitness | x1 | x2...
1 +1.826727190e+06 +1.826727190e+06 +1.827665030e+06 +1.827665030e+06 +5.4826e-01 +5.0541e-01 +4.8914e-01 +1.8546e-01 +9.0815e-01 +9.6130e-01 +2.6236e-01 +3.9094e-01 +8.9550e-01 +6.5624e-01 +4.8655e-02 +4.9138e-01 +1.9264e-02 +7.7090e-02 +2.5994e-01 +3.7084e-01 +2.7648e-01 +4.6406e-01 +1.3209e-01 +4.5242e-01
2 +6.032873813e+05 +6.032873813e+05 +6.042252213e+05 +6.042252213e+05 +6.7622e-01 +7.0800e-01 +3.8774e-01 +9.2512e-01 +9.0936e-01 +8.7307e-01 +1.9341e-02 +3.2529e-01 +4.5263e-02 +4.6335e-01 +1.3659e-02 +6.7417e-01 +2.6809e-01 +4.9633e-01 +8.6480e-01 +6.7611e-01 +3.0486e-01 +3.8388e-01 +5.1289e-01 +7.6601e-01
8 +3.942381226e+05 +3.942381226e+05 +3.951759626e+05 +3.951759626e+05 +2.7480e-02 +5.7444e-01 +6.3985e-01 +9.1945e-01 +7.6878e-01 +2.7126e-02 +2.2513e-01 +1.8029e-01 +3.9155e-01 +7.7097e-01 +5.0718e-02 +4.2212e-01 +6.1238e-01 +6.1758e-01 +9.4384e-01 +7.5958e-01 +6.4797e-01 +3.8699e-01 +2.7474e-01 +1.6612e-01
41 +2.065623652e+05 +2.065623652e+05 +2.075002052e+05 +2.075002052e+05 +5.1073e-01 +8.7281e-01 +4.5536e-01 +1.0000e+00 +9.1917e-01 +7.1606e-01 +6.2923e-01 +4.7221e-01 +3.2476e-01 +1.8167e-01 +1.5029e-01 +1.0000e+00 +5.0586e-01 +7.2242e-01 +1.0000e+00 +1.0000e+00 +1.6021e-01 +6.5385e-01 +1.0000e+00 +7.0283e-01
63 +1.342529433e+05 +1.342529433e+05 +1.351907833e+05 +1.351907833e+05 +3.3805e-01 +1.0000e+00 +6.3135e-01 +1.0000e+00 +8.5275e-01 +9.8886e-01 +4.9959e-01 +2.2874e-01 +0.0000e+00 +1.6463e-02 +0.0000e+00 +7.2279e-01 +5.5105e-01 +7.2309e-01 +7.0318e-01 +1.0000e+00 +2.3490e-01 +7.0081e-01 +8.9127e-01 +4.2992e-01
65 +1.759316774e+04 +1.759316774e+04 +1.853100774e+04 +1.853100774e+04 +0.0000e+00 +7.9715e-01 +7.4208e-01 +1.0000e+00 +9.9243e-01 +1.0000e+00 +5.4038e-01 +6.5400e-01 +2.2404e-03 +3.4355e-01 +0.0000e+00 +7.8006e-01 +5.3134e-01 +7.7770e-01 +9.6023e-01 +1.0000e+00 +9.1462e-03 +5.6546e-01 +9.3009e-01 +7.5205e-01
85 +1.403828889e+03 +1.403828889e+03 +2.341668889e+03 +2.341668889e+03 +0.0000e+00 +1.0000e+00 +3.9864e-01 +1.0000e+00 +9.3853e-01 +1.0000e+00 +6.0496e-01 +7.2793e-01 +0.0000e+00 +0.0000e+00 +0.0000e+00 +1.0000e+00 +7.1705e-01 +1.0000e+00 +8.6733e-01 +1.0000e+00 +1.4483e-01 +1.0000e+00 +1.0000e+00 +6.8703e-01
86 +4.679619023e+02 +4.679619023e+02 +1.405801902e+03 +1.405801902e+03 +0.0000e+00 +1.0000e+00 +4.8390e-01 +1.0000e+00 +1.0000e+00 +9.4531e-01 +7.4725e-01 +8.6998e-01 +0.0000e+00 +0.0000e+00 +0.0000e+00 +1.0000e+00 +5.5061e-01 +1.0000e+00 +7.3329e-01 +1.0000e+00 +1.8865e-01 +5.0000e-01 +1.0000e+00 +1.0000e+00
108 +3.748823110e+02 +3.748823110e+02 +1.312722311e+03 +1.312722311e+03 +0.0000e+00 +1.0000e+00 +6.6245e-01 +1.0000e+00 +1.0000e+00 +1.0000e+00 +1.0000e+00 +1.0000e+00 +0.0000e+00 +0.0000e+00 +0.0000e+00 +1.0000e+00 +4.3047e-01 +1.0000e+00 +4.9506e-01 +1.0000e+00 +2.5626e-01 +2.2452e-01 +1.0000e+00 +1.0000e+00
126 +1.538879863e+02 +1.538879863e+02 +1.091727986e+03 +1.091727986e+03 +0.0000e+00 +1.0000e+00 +5.8447e-01 +1.0000e+00 +1.0000e+00 +9.8530e-01 +9.7497e-01 +8.4716e-01 +0.0000e+00 +0.0000e+00 +0.0000e+00 +9.5806e-01 +2.9997e-01 +1.0000e+00 +5.8808e-01 +1.0000e+00 +3.5239e-01 +2.8927e-01 +1.0000e+00 +1.0000e+00
9844 +9.971752882e+01 +9.971752882e+01 +1.037557529e+03 +1.037557529e+03 +7.7622e-04 +9.8386e-01 +8.4141e-01 +1.7006e-01 +9.9973e-01 +1.0000e+00 +6.9864e-01 +9.9657e-01 +4.4580e-03 +9.0195e-03 +4.9809e-03 +9.8481e-01 +4.5068e-02 +1.0000e+00 +4.1367e-01 +9.4372e-01 +8.3959e-01 +1.9683e-03 +6.3307e-01 +9.9844e-01
% function evaluation | noise-free fitness - Fopt (-7.872000000000e+01) | best noise-free fitness - Fopt | measured fitness | best measured fitness | x1 | x2...
1 +5.357569792e+06 +5.357569792e+06 +5.357491072e+06 +5.357491072e+06 +4.6453e-01 +8.6135e-01 +6.9020e-01 +7.4609e-01 +6.8989e-01 +8.3212e-02 +4.2316e-03 +2.3518e-02 +1.4486e-01 +1.2854e-01 +5.3162e-01 +9.6858e-01 +1.8290e-01 +3.2997e-02 +1.9437e-01 +6.5533e-01 +4.4932e-01 +1.3076e-01 +8.3616e-02 +1.7426e-01
12 +3.453422752e+06 +3.453422752e+06 +3.453344032e+06 +3.453344032e+06 +5.8105e-01 +3.5162e-01 +1.8380e-01 +4.6931e-01 +6.0469e-01 +6.7138e-02 +9.1461e-01 +2.6180e-01 +6.7735e-02 +2.1071e-01 +2.7025e-01 +7.7338e-01 +7.6219e-01 +4.9052e-01 +9.4584e-01 +5.8945e-01 +5.6573e-01 +8.7599e-01 +6.8032e-01 +4.1293e-01
35 +2.506445058e+06 +2.506445058e+06 +2.506366338e+06 +2.506366338e+06 +6.2128e-01 +4.0329e-01 +0.0000e+00 +9.0071e-01 +8.0266e-02 +3.2981e-01 +7.6235e-01 +4.1822e-01 +2.2791e-01 +4.4701e-01 +1.9311e-01 +1.3130e-01 +6.4088e-01 +1.0503e-01 +5.1512e-01 +3.0860e-01 +6.5725e-01 +6.4550e-01 +4.4760e-01 +3.5792e-01
78 +1.132026967e+06 +1.132026967e+06 +1.131948247e+06 +1.131948247e+06 +9.9757e-01 +9.2957e-01 +0.0000e+00 +9.8569e-01 +0.0000e+00 +0.0000e+00 +1.0000e+00 +5.7840e-01 +0.0000e+00 +1.0000e+00 +0.0000e+00 +5.4175e-01 +2.5485e-01 +0.0000e+00 +7.7112e-01 +0.0000e+00 +1.2851e-01 +1.0000e+00 +0.0000e+00 +0.0000e+00
100 +7.206921180e+05 +7.206921180e+05 +7.206133980e+05 +7.206133980e+05 +9.8680e-01 +9.9936e-01 +0.0000e+00 +1.0000e+00 +0.0000e+00 +0.0000e+00 +9.2172e-01 +2.1915e-01 +0.0000e+00 +9.9277e-01 +6.6722e-05 +3.9350e-01 +5.8238e-01 +0.0000e+00 +1.0000e+00 +4.6612e-02 +2.4048e-01 +6.7880e-01 +2.6981e-03 +0.0000e+00
104 +6.210001741e+05 +6.210001741e+05 +6.209214541e+05 +6.209214541e+05 +9.9870e-01 +9.9982e-01 +0.0000e+00 +1.0000e+00 +0.0000e+00 +5.0000e-01 +9.5274e-01 +2.4131e-01 +1.5596e-02 +9.9853e-01 +7.2567e-06 +1.9227e-02 +8.6632e-01 +0.0000e+00 +1.0000e+00 +2.4766e-02 +0.0000e+00 +2.0872e-01 +0.0000e+00 +0.0000e+00
374 +3.896680491e+05 +3.896680491e+05 +3.895893291e+05 +3.895893291e+05 +9.9999e-01 +9.9480e-01 +0.0000e+00 +1.0000e+00 +0.0000e+00 +8.6101e-03 +1.0000e+00 +6.0646e-02 +0.0000e+00 +9.8434e-01 +3.2011e-04 +0.0000e+00 +1.0000e+00 +0.0000e+00 +9.4089e-01 +0.0000e+00 +0.0000e+00 +9.4250e-01 +7.4453e-01 +0.0000e+00
% function evaluation | noise-free fitness - Fopt (6.997000000000e+01) | best noise-free fitness - Fopt | measured fitness | best measured fitness | x1 | x2...
1 +1.253524886e+07 +1.253524886e+07 +1.253531883e+07 +1.253531883e+07 +5.0944e-02 +3.6945e-01 +5.0785e-01 +9.8513e-01 +6.0975e-01 +1.1149e-01 +2.4388e-02 +8.8760e-01 +7.2494e-01 +4.0397e-01 +6.9924e-03 +4.0661e-01 +1.9896e-02 +2.1570e-02 +6.4354e-01 +8.4302e-01 +7.9251e-01 +5.1779e-01 +1.3889e-01 +1.3992e-01
3 +9.419000977e+06 +9.419000977e+06 +9.419070947e+06 +9.419070947e+06 +8.1472e-01 +6.6187e-01 +5.8898e-01 +7.9562e-01 +5.9840e-02 +5.7715e-02 +3.7841e-01 +8.4587e-01 +8.0076e-01 +6.6979e-01 +9.8870e-01 +2.6578e-01 +2.1074e-01 +2.9833e-01 +2.4711e-01 +9.0162e-01 +8.2722e-01 +1.9361e-01 +4.9369e-01 +4.4644e-02
91 +6.216666872e+06 +6.216666872e+06 +6.216736842e+06 +6.216736842e+06 +6.5794e-01 +5.3061e-01 +0.0000e+00 +1.0000e+00 +8.6400e-01 +1.7971e-01 +0.0000e+00 +1.7562e-01 +0.0000e+00 +0.0000e+00 +7.3079e-02 +0.0000e+00 +0.0000e+00 +1.0000e+00 +1.6119e-02 +0.0000e+00 +5.5556e-01 +0.0000e+00 +5.8499e-01 +2.8460e-02
199 +3.921063386e+06 +3.921063386e+06 +3.921133356e+06 +3.921133356e+06 +1.0000e+00 +1.0000e+00 +0.0000e+00 +1.0000e+00 +1.0000e+00 +1.0000e+00 +0.0000e+00 +4.0631e-01 +0.0000e+00 +0.0000e+00 +9.8614e-01 +0.0000e+00 +0.0000e+00 +1.0000e+00 +9.7503e-03 +5.0000e-01 +9.2401e-01 +1.2518e-02 +1.0000e+00 +3.2499e-02
% function evaluation | noise-free fitness - Fopt (9.791400000000e+02) | best noise-free fitness - Fopt | measured fitness | best measured fitness | x1 | x2...
1 +1.138632652e+07 +1.138632652e+07 +1.138730566e+07 +1.138730566e+07 +1.3057e-01 +6.3467e-01 +9.6165e-01 +6.8553e-01 +4.5066e-01 +7.2816e-01 +7.5160e-01 +3.4640e-02 +4.2472e-01 +4.9266e-01 +1.6694e-01 +7.9697e-01 +9.6946e-01 +7.0110e-01 +1.7939e-01 +5.3790e-01 +1.6873e-01 +8.9501e-01 +8.6750e-01 +7.1940e-01
5 +9.852059222e+06 +9.852059222e+06 +9.853038362e+06 +9.853038362e+06 +9.7144e-01 +4.6403e-01 +2.7245e-03 +1.8971e-01 +9.3577e-01 +5.3648e-01 +4.5997e-01 +1.5264e-01 +5.1633e-01 +1.0112e-01 +8.2417e-01 +2.6135e-04 +2.6831e-01 +3.3293e-01 +1.0649e-02 +3.8162e-01 +8.3056e-01 +2.2356e-01 +5.6506e-01 +1.1845e-01
62 +5.939137535e+06 +5.939137535e+06 +5.940116675e+06 +5.940116675e+06 +3.1422e-01 +0.0000e+00 +7.0986e-01 +0.0000e+00 +1.0000e+00 +5.0000e-01 +9.9205e-02 +1.8363e-01 +1.0268e-01 +1.0000e+00 +9.5415e-01 +1.3418e-02 +8.6460e-01 +3.6412e-01 +8.4642e-02 +5.9570e-01 +2.1067e-01 +4.7326e-01 +0.0000e+00 +2.0461e-01
100 +3.975956103e+06 +3.975956103e+06 +3.976935243e+06 +3.976935243e+06 +2.5836e-01 +0.0000e+00 +1.0000e+00 +1.2577e-01 +1.0000e+00 +1.0023e-01 +8.2044e-02 +2.3279e-01 +0.0000e+00 +1.0000e+00 +9.6361e-01 +0.0000e+00 +3.7678e-01 +1.3372e-01 +0.0000e+00 +9.6448e-01 +0.0000e+00 +1.0000e+00 +1.1667e-01 +7.3766e-01
303 +2.473780368e+06 +2.473780368e+06 +2.474759508e+06 +2.474759508e+06 +1.0334e-02 +0.0000e+00 +1.0000e+00 +0.0000e+00 +1.0000e+00 +0.0000e+00 +0.0000e+00 +0.0000e+00 +0.0000e+00 +1.0000e+00 +9.7894e-01 +0.0000e+00 +9.9298e-01 +3.9352e-02 +0.0000e+00 +9.4149e-01 +0.0000e+00 +1.0000e+00 +3.5633e-02 +7.4474e-01
% function evaluation | noise-free fitness - Fopt (-8.900000000000e-01) | best noise-free fitness - Fopt | measured fitness | best measured fitness | x1 | x2...
1 +2.888159644e+06 +2.888159644e+06 +2.888158754e+06 +2.888158754e+06 +6.0273e-01 +6.3494e-01 +5.7841e-01 +9.0090e-03 +8.3793e-01 +4.6545e-02 +2.0335e-01 +9.7214e-01 +2.1070e-01 +6.9086e-01 +7.9143e-01 +5.1721e-01 +8.4021e-01 +4.6291e-01 +4.3382e-01 +6.5465e-01 +6.4291e-01 +7.0742e-01 +5.5753e-01 +3.5166e-01
2 +2.073868353e+06 +2.073868353e+06 +2.073867463e+06 +2.073867463e+06 +4.1324e-01 +8.7538e-01 +1.6154e-01 +2.1071e-01 +2.5550e-01 +1.5631e-01 +5.2234e-01 +1.2128e-01 +6.0825e-01 +7.8260e-01 +5.9568e-01 +6.7144e-01 +1.9932e-01 +4.2837e-01 +9.5367e-01 +8.3663e-01 +5.0642e-01 +3.0346e-01 +4.5752e-01 +6.1260e-01
4 +9.618923386e+05 +9.618923386e+05 +9.618914486e+05 +9.618914486e+05 +4.7379e-01 +9.2278e-04 +3.4908e-01 +9.5344e-01 +2.0750e-01 +4.0031e-01 +2.1125e-01 +7.5647e-01 +6.2214e-01 +1.8735e-01 +4.4238e-01 +1.3982e-01 +1.9262e-01 +7.1930e-01 +5.3175e-01 +5.2109e-01 +3.4062e-01 +7.9609e-01 +5.7775e-01 +8.9124e-01
5 +4.124689971e+05 +4.124689971e+05 +4.124681071e+05 +4.124681071e+05 +7.0904e-01 +7.6868e-02 +6.8401e-01 +1.5723e-01 +1.7887e-01 +8.0337e-01 +3.6078e-01 +4.7437e-01 +1.1348e-01 +5.7349e-01 +3.8464e-01 +7.9842e-01 +5.2317e-02 +2.4057e-01 +8.1137e-01 +5.6431e-01 +4.1629e-01 +6.5061e-01 +1.6350e-01 +8.9900e-02
26 +3.793482628e+05 +3.793482628e+05 +3.793473728e+05 +3.793473728e+05 +9.4992e-01 +4.1755e-01 +7.7508e-01 +4.7094e-01 +3.2654e-01 +9.6184e-01 +9.8843e-01 +2.2379e-01 +2.3987e-01 +7.1326e-01 +6.1916e-01 +3.2552e-01 +4.5416e-01 +0.0000e+00 +5.3885e-01 +7.3062e-01 +4.6084e-01 +7.3287e-01 +1.5873e-01 +6.6638e-01
43 +3.021057993e+04 +3.021057993e+04 +3.020968993e+04 +3.020968993e+04 +1.0000e+00 +0.0000e+00 +7.9275e-01 +3.7826e-01 +0.0000e+00 +6.0069e-01 +2.8788e-01 +3.0236e-01 +2.2959e-01 +3.0051e-01 +8.2399e-01 +5.0000e-01 +0.0000e+00 +8.6850e-01 +6.1348e-01 +0.0000e+00 +2.4561e-01 +7.1386e-01 +6.0017e-02 +7.2906e-01
49 +1.842591051e+04 +1.842591051e+04 +1.842502051e+04 +1.842502051e+04 +1.0000e+00 +4.7955e-02 +7.5976e-01 +7.3571e-01 +3.4402e-01 +1.0000e+00 +1.0000e+00 +8.0650e-02 +1.3742e-01 +1.2996e-01 +9.9524e-01 +6.8822e-01 +5.0919e-01 +3.3104e-02 +1.0000e+00 +3.4377e-01 +0.0000e+00 +9.4858e-01 +9.6180e-02 +5.0000e-01
51 +7.372699608e+03 +7.372699608e+03 +7.371809608e+03 +7.371809608e+03 +1.0000e+00 +0.0000e+00 +8.4836e-01 +1.7636e-01 +4.5711e-01 +8.9093e-01 +1.0000e+00 +5.1856e-02 +0.0000e+00 +5.6035e-03 +7.9758e-01 +1.0000e+00 +3.8221e-01 +3.5307e-02 +1.0000e+00 +3.4628e-01 +1.7840e-02 +3.5041e-01 +0.0000e+00 +9.1015e-01
65 +2.271047287e+03 +2.271047287e+03 +2.270157287e+03 +2.270157287e+03 +1.0000e+00 +0.0000e+00 +1.0000e+00 +5.7274e-01 +0.0000e+00 +1.0000e+00 +5.7283e-01 +6.3117e-01 +4.2468e-01 +3.3724e-01 +9.3229e-01 +1.0000e+00 +2.0526e-02 +1.0000e+00 +7.5286e-01 +0.0000e+00 +2.0625e-01 +6.7970e-01 +1.4807e-02 +3.3011e-01
71 +9.974997568e+02 +9.974997568e+02 +9.966097568e+02 +9.966097568e+02 +1.0000e+00 +0.0000e+00 +8.2250e-01 +6.7636e-01 +4.5971e-01 +1.0000e+00 +1.0000e+00 +1.2702e-01 +0.0000e+00 +0.0000e+00 +1.0000e+00 +1.0000e+00 +2.7517e-01 +6.5078e-02 +1.0000e+00 +1.7152e-01 +0.0000e+00 +4.2856e-01 +0.0000e+00 +4.1015e-01
74 +2.823435739e+02 +2.823435739e+02 +2.814535739e+02 +2.814535739e+02 +1.0000e+00 +1.8608e-01 +8.7696e-03 +2.0259e-01 +0.0000e+00 +1.0000e+00 +1.0000e+00 +3.1040e-02 +0.0000e+00 +0.0000e+00 +1.0000e+00 +1.0000e+00 +0.0000e+00 +3.1531e-02 +1.0000e+00 +2.2965e-01 +0.0000e+00 +1.7093e-01 +2.5387e-01 +7.2155e-01
85 +1.904816737e+02 +1.904816737e+02 +1.895916737e+02 +1.895916737e+02 +1.0000e+00 +0.0000e+00 +1.0000e+00 +3.4047e-01 +0.0000e+00 +8.0522e-01 +6.1800e-01 +1.3117e-01 +0.0000e+00 +5.4841e-01 +7.6359e-01 +1.0000e+00 +2.2635e-02 +1.0000e+00 +7.1009e-01 +0.0000e+00 +1.3172e-01 +4.8364e-01 +0.0000e+00 +3.2082e-01
120 +1.550980780e+02 +1.550980780e+02 +1.542080780e+02 +1.542080780e+02 +4.5907e-01 +0.0000e+00 +9.8416e-01 +0.0000e+00 +0.0000e+00 +1.0000e+00 +6.2007e-01 +0.0000e+00 +3.8352e-02 +0.0000e+00 +8.4069e-01 +6.3758e-02 +0.0000e+00 +9.6001e-01 +1.0000e+00 +2.6171e-03 +5.9763e-01 +5.3523e-01 +9.5696e-01 +9.9619e-01
% function evaluation | noise-free fitness - Fopt (-2.206000000000e+01) | best noise-free fitness - Fopt | measured fitness | best measured fitness | x1 | x2...
1 +3.107535479e+07 +3.107535479e+07 +3.107533273e+07 +3.107533273e+07 +5.1964e-01 +6.0835e-03 +4.0696e-01 +4.7215e-01 +5.8793e-01 +9.5103e-01 +2.0433e-01 +1.9017e-01 +6.8780e-01 +5.8753e-02 +8.7995e-01 +5.8225e-01 +8.5945e-01 +9.4663e-01 +7.6197e-01 +8.1884e-01 +6.0242e-01 +5.6330e-01 +9.7085e-02 +1.9411e-01
40 +2.407136551e+07 +2.407136551e+07 +2.407134345e+07 +2.407134345e+07 +2.1765e-01 +2.1529e-01 +0.0000e+00 +1.3085e-01 +4.6117e-01 +2.8589e-01 +6.1704e-01 +8.1085e-01 +7.8290e-01 +3.1532e-01 +1.7685e-01 +3.1763e-01 +8.4269e-01 +6.7440e-01 +7.2930e-01 +1.8650e-01 +0.0000e+00 +0.0000e+00 +9.8039e-02 +7.5886e-01
% function evaluation | noise-free fitness - Fopt (1.632800000000e+02) | best noise-free fitness - Fopt | measured fitness | best measured fitness | x1 | x2...
1 +8.195558083e+06 +8.195558083e+06 +8.195721363e+06 +8.195721363e+06 +1.9811e-01 +2.8113e-01 +7.4760e-01 +6.1658e-01 +4.0969e-01 +3.4662e-01 +4.0709e-01 +4.3459e-01 +4.9071e-01 +4.7031e-01 +5.0644e-01 +2.0290e-01 +7.3985e-01 +8.5840e-02 +8.8661e-01 +2.7709e-01 +3.5200e-01 +4.1477e-01 +8.5705e-01 +6.7654e-01
4 +5.554753553e+06 +5.554753553e+06 +5.554916833e+06 +5.554916833e+06 +5.9931e-01 +9.8415e-01 +4.0832e-01 +1.6656e-01 +2.7211e-01 +5.2071e-01 +3.2311e-01 +9.8536e-01 +7.1836e-01 +7.8869e-01 +4.1224e-01 +2.2558e-01 +5.6534e-03 +3.9970e-02 +6.1861e-01 +5.1835e-01 +4.0432e-01 +8.7859e-01 +1.8395e-02 +4.7363e-01
65 +3.842660870e+06 +3.842660870e+06 +3.842824150e+06 +3.842824150e+06 +0.0000e+00 +9.2074e-01 +1.0000e+00 +0.0000e+00 +7.7357e-01 +9.2672e-01 +6.3967e-04 +9.0381e-01 +0.0000e+00 +8.0800e-01 +3.1512e-01 +3.2008e-01 +3.3995e-01 +0.0000e+00 +1.0000e+00 +1.0000e+00 +6.4173e-01 +9.0124e-01 +0.0000e+00 +2.2922e-01
326 +2.500893502e+06 +2.500893502e+06 +2.501056782e+06 +2.501056782e+06 +1.0000e+00 +1.0000e+00 +1.0000e+00 +0.0000e+00 +9.9030e-01 +9.8001e-01 +3.7052e-03 +8.9032e-01 +6.8299e-01 +1.0000e+00 +0.0000e+00 +3.0654e-04 +1.0000e+00 +0.0000e+00 +9.9859e-01 +0.0000e+00 +9.9993e-01 +1.0000e+00 +0.0000e+00 +5.2142e-02
% function evaluation | noise-free fitness - Fopt (3.349000000000e+01) | best noise-free fitness - Fopt | measured fitness | best measured fitness | x1 | x2...
1 +7.038501699e+06 +7.038501699e+06 +7.038535189e+06 +7.038535189e+06 +7.2941e-01 +7.7763e-01 +8.1541e-01 +8.0785e-01 +5.8061e-01 +6.0821e-01 +5.2628e-01 +9.2789e-01 +7.9739e-02 +9.2459e-01 +8.0618e-01 +8.6278e-01 +1.5009e-01 +7.1418e-01 +9.6589e-01 +6.5349e-01 +4.4129e-01 +2.9652e-01 +7.7825e-01 +3.5044e-01
3 +2.173807964e+06 +2.173807964e+06 +2.173841454e+06 +2.173841454e+06 +9.0126e-01 +4.5575e-01 +3.9210e-01 +7.5588e-01 +5.3592e-02 +3.0235e-01 +1.1140e-01 +1.4531e-01 +5.5308e-02 +6.9370e-01 +5.5526e-01 +7.3349e-01 +8.4716e-01 +1.3452e-01 +5.6421e-01 +4.7228e-01 +4.4996e-01 +1.0128e-02 +7.5638e-01 +7.4897e-02
102 +1.216954971e+06 +1.216954971e+06 +1.216988461e+06 +1.216988461e+06 +9.9856e-01 +4.9711e-02 +1.8886e-01 +7.6563e-01 +0.0000e+00 +0.0000e+00 +0.0000e+00 +0.0000e+00 +8.2189e-01 +0.0000e+00 +8.6351e-01 +1.0000e+00 +1.0000e+00 +0.0000e+00 +8.7174e-01 +8.2983e-01 +0.0000e+00 +3.3887e-02 +2.7386e-02 +0.0000e+00
122 +9.976260699e+05 +9.976260699e+05 +9.976595599e+05 +9.976595599e+05 +1.0000e+00 +0.0000e+00 +2.3531e-01 +6.7215e-01 +0.0000e+00 +0.0000e+00 +0.0000e+00 +0.0000e+00 +9.3374e-01 +0.0000e+00 +8.8033e-01 +1.0000e+00 +1.0000e+00 +1.2261e-02 +9.8798e-01 +7.7665e-01 +0.0000e+00 +0.0000e+00 +0.0000e+00 +0.0000e+00
181 +6.135751504e+05 +6.135751504e+05 +6.136086404e+05 +6.136086404e+05 +9.9726e-01 +3.5782e-03 +7.7740e-02 +2.2220e-01 +3.8471e-03 +3.2049e-02 +0.0000e+00 +4.4452e-02 +9.6359e-01 +1.6283e-03 +8.8493e-01 +1.0000e+00 +1.0000e+00 +7.2461e-03 +1.0000e+00 +2.3089e-01 +3.1423e-02 +0.0000e+00 +0.0000e+00 +0.0000e+00
% function evaluation | noise-free fitness - Fopt (-3.700000000000e+00) | best noise-free fitness - Fopt | measured fitness | best measured fitness | x1 | x2...
1 +2.711252285e+05 +2.711252285e+05 +2.711215285e+05 +2.711215285e+05 +7.4240e-01 +9.9254e-01 +4.2326e-01 +1.7136e-01 +5.0570e-01 +6.5688e-01 +2.0482e-01 +8.1489e-01 +3.1051e-01 +2.6290e-01 +2.8952e-01 +5.3742e-01 +8.8780e-01 +1.4486e-01 +5.7846e-01 +7.1797e-01 +4.8945e-01 +5.7520e-01 +6.4593e-01 +6.9461e-01
2 +6.116227216e+02 +6.116227216e+02 +6.079227216e+02 +6.079227216e+02 +2.6623e-01 +9.9665e-02 +6.8220e-01 +5.6393e-01 +3.9950e-01 +8.6997e-01 +1.4596e-01 +9.5362e-01 +3.2966e-02 +9.4980e-01 +3.3596e-01 +2.9787e-01 +3.5320e-01 +2.0521e-01 +4.0101e-01 +4.2520e-02 +6.3700e-01 +3.6901e-01 +4.0615e-01 +9.6817e-01
49 +9.608692052e+01 +9.608692052e+01 +9.238692052e+01 +9.238692052e+01 +8.8502e-01 +1.6955e-01 +4.7553e-01 +4.4575e-01 +4.6089e-01 +6.8074e-02 +7.4129e-01 +3.6937e-01 +2.7068e-01 +5.8587e-01 +5.0513e-01 +8.2160e-02 +0.0000e+00 +3.6191e-01 +9.5944e-01 +2.1986e-01 +4.2696e-01 +5.7813e-03 +3.1763e-01 +2.3004e-01
% function evaluation | noise-free fitness - Fopt (-9.967700000000e+02) | best noise-free fitness - Fopt | measured fitness | best measured fitness | x1 | x2...
1 +1.031870508e+07 +1.031870508e+07 +1.031770831e+07 +1.031770831e+07 +2.4791e-01 +8.0459e-01 +9.3949e-01 +7.3736e-01 +4.5777e-01 +6.1591e-01 +8.0581e-01 +8.4229e-01 +5.3921e-01 +9.4511e-01 +1.2482e-01 +4.6139e-01 +2.0612e-01 +6.9565e-01 +8.1296e-01 +6.4629e-01 +9.4221e-01 +4.4529e-01 +8.3880e-01 +2.7356e-01
2 +5.563365368e+06 +5.563365368e+06 +5.562368598e+06 +5.562368598e+06 +2.5923e-01 +3.7578e-01 +5.6475e-01 +3.9985e-01 +5.3410e-01 +2.4951e-01 +9.0415e-01 +6.2637e-01 +6.0234e-02 +8.6482e-01 +7.3155e-01 +2.4406e-01 +1.8195e-01 +2.9736e-01 +4.6938e-01 +3.0776e-01 +9.6552e-02 +2.6283e-01 +1.5002e-01 +1.7974e-01
46 +3.916849835e+06 +3.916849835e+06 +3.915853065e+06 +3.915853065e+06 +1.9035e-01 +1.8182e-01 +2.9035e-01 +8.3543e-01 +0.0000e+00 +2.7452e-01 +1.0000e+00 +2.1708e-01 +0.0000e+00 +1.0000e+00 +1.0000e+00 +9.3121e-01 +0.0000e+00 +0.0000e+00 +9.8248e-02 +0.0000e+00 +4.5952e-01 +2.5531e-01 +0.0000e+00 +0.0000e+00
245 +2.488879767e+06 +2.488879767e+06 +2.487882997e+06 +2.487882997e+06 +0.0000e+00 +7.3338e-02 +8.8214e-01 +1.0000e+00 +1.3836e-03 +5.4468e-01 +1.0000e+00 +1.0000e+00 +0.0000e+00 +9.9886e-01 +1.0000e+00 +1.0000e+00 +0.0000e+00 +0.0000e+00 +0.0000e+00 +0.0000e+00 +1.1338e-01 +5.4662e-02 +0.0000e+00 +0.0000e+00
% function evaluation | noise-free fitness - Fopt (4.500000000000e+01) | best noise-free fitness - Fopt | measured fitness | best measured fitness | x1 | x2...
1 +8.604762117e+06 +8.604762117e+06 +8.604807117e+06 +8.604807117e+06 +3.9396e-01 +7.6374e-01 +2.0429e-01 +9.5568e-01 +8.1168e-02 +2.0098e-01 +1.8206e-01 +1.8671e-02 +9.2150e-01 +7.9273e-01 +1.8456e-02 +9.9197e-01 +5.9249e-01 +7.8281e-01 +8.8723e-01 +5.9426e-01 +5.1748e-01 +4.5300e-01 +4.8487e-01 +6.8608e-01
30 +6.161741217e+06 +6.161741217e+06 +6.161786217e+06 +6.161786217e+06 +7.0389e-01 +1.0000e+00 +8.0473e-01 +8.4261e-01 +7.0220e-01 +4.8116e-01 +6.7292e-01 +4.3348e-03 +1.0000e+00 +7.9254e-01 +7.1251e-02 +6.6021e-01 +5.0138e-01 +8.4620e-02 +6.0084e-01 +5.3634e-01 +3.9130e-01 +3.4499e-01 +9.6104e-01 +6.3761e-01
206 +3.768146141e+06 +3.768146141e+06 +3.768191141e+06 +3.768191141e+06 +5.3505e-01 +9.9164e-01 +1.0000e+00 +9.9978e-01 +2.3696e-02 +8.3170e-01 +8.5283e-01 +0.0000e+00 +9.9951e-01 +9.2121e-01 +0.0000e+00 +1.0000e+00 +9.8312e-01 +0.0000e+00 +9.9688e-01 +0.0000e+00 +9.0385e-01 +0.0000e+00 +9.8896e-01 +0.0000e+00
% function evaluation | noise-free fitness - Fopt (2.131000000000e+02) | best noise-free fitness - Fopt | measured fitness | best measured fitness | x1 | x2...
1 +1.788998840e+07 +1.788998840e+07 +1.789020150e+07 +1.789020150e+07 +8.3442e-01 +6.5821e-01 +3.7096e-01 +3.6431e-01 +7.3206e-02 +5.0905e-01 +9.6874e-01 +1.1342e-01 +9.4826e-01 +1.7069e-01 +6.1878e-02 +7.7122e-01 +8.4095e-01 +1.5797e-01 +1.8298e-01 +3.1050e-03 +2.2895e-01 +6.1137e-02 +2.5756e-01 +5.5244e-01
43 +1.553877688e+07 +1.553877688e+07 +1.553898998e+07 +1.553898998e+07 +6.2137e-01 +2.5902e-01 +5.8461e-01 +4.2575e-01 +0.0000e+00 +0.0000e+00 +1.0000e+00 +0.0000e+00 +1.0000e+00 +0.0000e+00 +0.0000e+00 +7.6832e-01 +5.1674e-01 +1.8883e-01 +5.2447e-02 +1.7186e-02 +6.3541e-01 +3.2981e-01 +3.7863e-01 +7.2028e-01
227 +9.984844120e+06 +9.984844120e+06 +9.985057220e+06 +9.985057220e+06 +9.8806e-01 +7.7941e-02 +1.4136e-01 +9.6534e-03 +0.0000e+00 +0.0000e+00 +1.0000e+00 +0.0000e+00 +1.0000e+00 +0.0000e+00 +0.0000e+00 +1.0000e+00 +7.5663e-03 +1.0000e+00 +0.0000e+00 +1.6830e-02 +0.0000e+00 +0.0000e+00 +1.0000e+00 +1.0000e+00
