% function evaluation | noise-free fitness - Fopt (1.491500000000e+02) | best noise-free fitness - Fopt | measured fitness | best measured fitness | x1 | x2...
1 +4.193065379e+04 +4.193065379e+04 +4.207980379e+04 +4.207980379e+04 +9.4650e-01 +3.0803e-01 +9.9378e-01 +8.5365e-01 +1.6409e-01 +7.8627e-01 +3.6389e-01 +1.3140e-01 +4.2724e-01 +3.0523e-01 +6.9980e-01 +1.6017e-01 +9.4364e-01 +4.1158e-01 +1.5716e-01 +3.5821e-01 +4.5558e-01 +6.6275e-01 +2.5410e-01 +7.6978e-01
28 +3.872964743e+04 +3.872964743e+04 +3.887879743e+04 +3.887879743e+04 +3.5177e-01 +3.4113e-01 +5.8106e-01 +2.2228e-01 +3.0911e-01 +2.1382e-01 +8.0321e-01 +2.3855e-02 +6.7986e-01 +6.3939e-01 +1.6582e-01 +2.9087e-01 +9.6021e-01 +3.2826e-01 +3.8105e-01 +2.3818e-02 +6.7004e-01 +3.0043e-01 +5.2555e-01 +7.7808e-01
73 +2.482549799e+04 +2.482549799e+04 +2.497464799e+04 +2.497464799e+04 +0.0000e+00 +0.0000e+00 +2.7638e-01 +0.0000e+00 +0.0000e+00 +0.0000e+00 +1.1218e-01 +0.0000e+00 +8.5602e-01 +2.7682e-02 +0.0000e+00 +7.6739e-01 +9.1964e-01 +0.0000e+00 +0.0000e+00 +0.0000e+00 +6.2612e-01 +0.0000e+00 +0.0000e+00 +1.0000e+00
% function evaluation | noise-free fitness - Fopt (-1.000000000000e+03) | best noise-free fitness - Fopt | measured fitness | best measured fitness | x1 | x2...
1 +1.254056708e+05 +1.254056708e+05 +1.244056708e+05 +1.244056708e+05 +8.1581e-02 +8.9375e-01 +1.9721e-02 +4.7035e-01 +6.7209e-01 +2.0407e-01 +8.0748e-01 +7.1197e-01 +4.1432e-01 +9.2045e-01 +2.7296e-01 +2.4163e-01 +8.5836e-01 +1.2375e-01 +1.7991e-01 +9.5380e-01 +2.4621e-01 +5.2014e-01 +9.4514e-01 +9.2300e-01
36 +9.891338083e+04 +9.891338083e+04 +9.791338083e+04 +9.791338083e+04 +2.1407e-01 +3.8324e-01 +5.7034e-01 +2.5614e-01 +3.6223e-01 +4.3180e-01 +1.1652e-01 +4.7387e-01 +5.1331e-01 +5.8483e-01 +5.5346e-01 +1.4375e-01 +5.7532e-01 +2.1850e-01 +5.4496e-01 +5.6625e-01 +6.9384e-01 +2.4931e-01 +2.8560e-01 +5.4174e-01
% function evaluation | noise-free fitness - Fopt (9.862000000000e+01) | best noise-free fitness - Fopt | measured fitness | best measured fitness | x1 | x2...
1 +1.327642332e+05 +1.327642332e+05 +1.328628532e+05 +1.328628532e+05 +9.9809e-01 +5.2554e-01 +8.1152e-01 +3.6863e-01 +8.0735e-01 +1.9595e-01 +1.4708e-01 +3.9967e-01 +5.9326e-01 +8.7257e-02 +3.0463e-02 +3.1073e-01 +1.8057e-03 +6.0269e-01 +2.0713e-01 +1.0689e-02 +4.3368e-01 +4.1076e-01 +6.5358e-01 +7.4125e-01
31 +9.959176256e+04 +9.959176256e+04 +9.969038256e+04 +9.969038256e+04 +1.9042e-01 +0.0000e+00 +3.5590e-01 +3.4640e-01 +8.1391e-01 +7.8207e-01 +3.7242e-01 +0.0000e+00 +1.5389e-01 +2.8984e-01 +9.7946e-01 +6.8767e-01 +5.7391e-01 +0.0000e+00 +3.2648e-01 +0.0000e+00 +2.2751e-01 +8.3066e-01 +6.6789e-01 +7.3782e-01
% function evaluation | noise-free fitness - Fopt (-4.715000000000e+01) | best noise-free fitness - Fopt | measured fitness | best measured fitness | x1 | x2...
1 +1.424596151e+05 +1.424596151e+05 +1.424124651e+05 +1.424124651e+05 +1.7497e-01 +1.8552e-01 +5.2014e-01 +3.1994e-01 +3.4612e-01 +1.8606e-01 +1.6925e-02 +9.4999e-01 +2.7238e-01 +8.7642e-01 +3.6912e-01 +8.2168e-01 +5.4100e-01 +6.9610e-01 +6.3293e-03 +9.5865e-01 +8.9437e-01 +4.9612e-01 +4.3667e-01 +6.4100e-01
42 +9.880827775e+04 +9.880827775e+04 +9.876112775e+04 +9.876112775e+04 +2.4509e-01 +8.7769e-01 +6.2608e-01 +0.0000e+00 +1.0000e+00 +2.1612e-01 +3.1893e-01 +3.2282e-01 +1.7180e-01 +1.3148e-01 +6.1848e-01 +5.9891e-01 +7.7498e-01 +7.1079e-01 +5.8498e-01 +3.9888e-01 +4.8001e-01 +9.6234e-02 +2.9271e-01 +9.3212e-01
304 +6.304349890e+04 +6.304349890e+04 +6.299634890e+04 +6.299634890e+04 +5.2081e-02 +9.7169e-05 +2.7998e-01 +1.7991e-02 +8.3038e-01 +4.4232e-02 +0.0000e+00 +0.0000e+00 +1.1590e-01 +0.0000e+00 +1.0000e+00 +0.0000e+00 +4.0849e-02 +1.0778e-03 +9.8230e-01 +0.0000e+00 +0.0000e+00 +0.0000e+00 +9.9249e-01 +8.8437e-01
% function evaluation | noise-free fitness - Fopt (3.752000000000e+01) | best noise-free fitness - Fopt | measured fitness | best measured fitness | x1 | x2...
1 +8.202321010e+04 +8.202321010e+04 +8.206073010e+04 +8.206073010e+04 +2.3561e-01 +6.9771e-01 +2.6696e-01 +9.3420e-01 +4.9304e-01 +4.0136e-01 +2.6705e-01 +6.7378e-01 +8.8104e-03 +5.6907e-01 +9.3971e-01 +9.7219e-01 +2.6831e-04 +6.3734e-01 +7.5307e-01 +7.1502e-01 +9.2217e-01 +9.7751e-01 +8.2120e-01 +4.0985e-01
2 +6.004471801e+04 +6.004471801e+04 +6.008223801e+04 +6.008223801e+04 +1.6675e-01 +7.0886e-01 +1.0272e-01 +4.5601e-01 +8.0553e-01 +9.3842e-01 +7.8650e-01 +1.5969e-01 +2.0855e-01 +7.0230e-01 +8.2877e-01 +6.6622e-02 +3.0439e-01 +4.6704e-01 +1.2518e-01 +4.4647e-01 +7.0597e-01 +4.3009e-01 +4.6659e-01 +2.7793e-02
55 +3.782657383e+04 +3.782657383e+04 +3.786409383e+04 +3.786409383e+04 +4.3429e-01 +0.0000e+00 +9.8328e-02 +0.0000e+00 +4.7602e-01 +5.0000e-01 +4.1088e-01 +4.2599e-01 +4.9362e-01 +4.9127e-01 +6.6413e-01 +2.7946e-01 +6.7682e-01 +8.4487e-01 +8.2556e-01 +7.9706e-02 +1.3324e-02 +0.0000e+00 +5.0000e-01 +1.9680e-01
% function evaluation | noise-free fitness - Fopt (-2.980000000000e+01) | best noise-free fitness - Fopt | measured fitness | best measured fitness | x1 | x2...
1 +1.126955773e+05 +1.126955773e+05 +1.126657773e+05 +1.126657773e+05 +9.2492e-01 +9.4534e-01 +6.9889e-01 +1.6394e-01 +3.5081e-01 +9.2311e-01 +1.5376e-01 +3.6919e-01 +6.6798e-01 +7.8155e-01 +1.2640e-01 +9.8975e-01 +6.4425e-01 +2.2443e-01 +8.2557e-02 +3.2096e-01 +4.6215e-02 +1.5766e-01 +5.3702e-01 +9.1679e-01
3 +9.754590611e+04 +9.754590611e+04 +9.751610611e+04 +9.751610611e+04 +9.3994e-01 +9.2267e-01 +3.8322e-02 +3.6399e-01 +8.2524e-01 +3.0252e-02 +8.2296e-01 +8.5065e-01 +1.4178e-02 +6.2646e-02 +6.8830e-01 +3.0854e-01 +3.3300e-01 +2.1433e-01 +2.2680e-01 +8.8189e-01 +5.9830e-01 +4.4347e-01 +7.0743e-01 +7.1388e-01
62 +6.201413608e+04 +6.201413608e+04 +6.198433608e+04 +6.198433608e+04 +6.9543e-02 +5.0000e-01 +9.3886e-01 +1.8123e-01 +6.3970e-01 +0.0000e+00 +9.2584e-02 +3.4196e-01 +8.1480e-01 +5.0082e-02 +1.0000e+00 +5.9552e-01 +8.2851e-03 +9.5549e-01 +5.0000e-01 +1.4234e-01 +9.8412e-01 +2.3870e-01 +5.2410e-01 +4.0676e-01
% function evaluation | noise-free fitness - Fopt (8.140000000000e+01) | best noise-free fitness - Fopt | measured fitness | best measured fitness | x1 | x2...
1 +1.344907814e+05 +1.344907814e+05 +1.345721814e+05 +1.345721814e+05 +9.5597e-01 +6.4026e-01 +5.7973e-01 +8.2706e-01 +4.6397e-01 +3.9326e-01 +6.9007e-01 +2.4154e-01 +7.6828e-01 +5.0912e-01 +8.5870e-01 +3.4885e-01 +1.5918e-01 +3.6058e-01 +6.0218e-01 +7.0456e-01 +2.9142e-01 +6.8389e-01 +5.1394e-01 +4.8057e-01
51 +9.925288272e+04 +9.925288272e+04 +9.933428272e+04 +9.933428272e+04 +0.0000e+00 +4.1443e-01 +5.5518e-02 +1.6358e-02 +4.9140e-01 +7.3969e-02 +1.0000e+00 +2.4894e-01 +4.4963e-01 +4.6467e-01 +0.0000e+00 +3.2814e-01 +1.0000e+00 +1.2442e-01 +2.6133e-01 +4.5397e-01 +5.9371e-01 +7.1083e-01 +4.2545e-01 +6.5675e-01
402 +6.304805155e+04 +6.304805155e+04 +6.312945155e+04 +6.312945155e+04 +2.3110e-02 +0.0000e+00 +1.0000e+00 +9.9387e-01 +3.9589e-01 +0.0000e+00 +0.0000e+00 +1.1887e-03 +1.0000e+00 +2.3675e-03 +0.0000e+00 +1.0000e+00 +0.0000e+00 +0.0000e+00 +0.0000e+00 +2.7701e-04 +0.0000e+00 +1.0000e+00 +9.2193e-01 +0.0000e+00
% function evaluation | noise-free fitness - Fopt (-1.835000000000e+01) | best noise-free fitness - Fopt | measured fitness | best measured fitness | x1 | x2...
1 +5.937182659e+04 +5.937182659e+04 +5.935347659e+04 +5.935347659e+04 +6.8385e-01 +8.5850e-01 +6.6131e-01 +6.9598e-01 +6.2242e-01 +2.1998e-01 +4.6793e-02 +6.3559e-01 +6.9241e-01 +5.0346e-01 +3.5847e-01 +8.2838e-01 +3.3270e-01 +5.2131e-01 +5.3177e-01 +8.7522e-01 +9.2867e-01 +4.9850e-01 +2.8554e-02 +7.5119e-01
41 +3.883172064e+04 +3.883172064e+04 +3.881337064e+04 +3.881337064e+04 +0.0000e+00 +8.4806e-01 +9.5685e-01 +6.3121e-01 +4.6434e-01 +4.9649e-02 +1.1907e-01 +4.4070e-02 +0.0000e+00 +1.0000e+00 +2.6839e-01 +1.5752e-01 +7.9767e-01 +2.9491e-01 +5.1154e-01 +7.6752e-01 +6.2010e-01 +5.5445e-01 +4.9852e-01 +9.2429e-01
247 +2.507788016e+04 +2.507788016e+04 +2.505953016e+04 +2.505953016e+04 +5.2509e-01 +1.0000e+00 +9.2466e-01 +1.0000e+00 +0.0000e+00 +0.0000e+00 +1.0000e+00 +0.0000e+00 +0.0000e+00 +9.3826e-01 +0.0000e+00 +0.0000e+00 +8.4531e-01 +9.4235e-01 +1.0000e+00 +1.0000e+00 +0.0000e+00 +6.0374e-01 +7.2174e-04 +1.0000e+00
% function evaluation | noise-free fitness - Fopt (-9.987000000000e+01) | best noise-free fitness - Fopt | measured fitness | best measured fitness | x1 | x2...
1 +7.644032979e+04 +7.644032979e+04 +7.634045979e+04 +7.634045979e+04 +3.6973e-01 +7.8636e-01 +5.6368e-01 +2.7099e-01 +9.2072e-01 +9.5944e-01 +9.2540e-01 +3.8880e-01 +9.8975e-01 +5.6676e-01 +9.4464e-01 +3.2138e-01 +2.4744e-02 +3.8754e-01 +3.1101e-01 +8.9155e-01 +4.0418e-01 +7.8410e-01 +7.7885e-01 +4.3547e-01
6 +5.072631861e+04 +5.072631861e+04 +5.062644861e+04 +5.062644861e+04 +7.4257e-01 +2.4471e-01 +3.3763e-01 +7.4275e-01 +4.6073e-01 +5.1490e-01 +8.6048e-01 +1.8121e-01 +5.5760e-01 +2.8700e-01 +1.7360e-01 +9.7413e-01 +3.6336e-01 +2.3789e-01 +3.4872e-02 +9.6283e-01 +5.2394e-01 +5.7183e-01 +4.8577e-01 +7.4243e-02
94 +3.883000496e+04 +3.883000496e+04 +3.873013496e+04 +3.873013496e+04 +6.3314e-01 +0.0000e+00 +6.4032e-01 +8.6817e-01 +1.4067e-02 +0.0000e+00 +1.0000e+00 +0.0000e+00 +6.1993e-01 +0.0000e+00 +5.7280e-02 +9.9603e-01 +0.0000e+00 +1.3945e-01 +7.3226e-02 +9.9959e-01 +4.1048e-01 +6.1624e-01 +1.6264e-01 +3.9957e-01
% function evaluation | noise-free fitness - Fopt (7.680000000000e+00) | best noise-free fitness - Fopt | measured fitness | best measured fitness | x1 | x2...
1 +1.262256116e+05 +1.262256116e+05 +1.262332916e+05 +1.262332916e+05 +2.0339e-01 +1.8805e-01 +5.5907e-01 +2.1797e-01 +6.1391e-01 +3.7635e-02 +8.3107e-01 +9.7167e-01 +5.0914e-01 +6.6784e-01 +3.7281e-01 +2.7160e-01 +1.2400e-01 +5.7380e-01 +1.4510e-01 +6.5645e-01 +1.0361e-01 +2.0755e-01 +2.0505e-01 +7.1591e-01
65 +9.950382154e+04 +9.950382154e+04 +9.951150154e+04 +9.951150154e+04 +7.7467e-01 +1.0000e+00 +0.0000e+00 +8.5050e-01 +9.4682e-01 +0.0000e+00 +1.7504e-01 +1.0000e+00 +0.0000e+00 +0.0000e+00 +1.7669e-01 +6.9624e-01 +0.0000e+00 +9.7449e-01 +3.9693e-01 +0.0000e+00 +8.0718e-03 +7.8155e-02 +0.0000e+00 +7.6908e-01
% function evaluation | noise-free fitness - Fopt (-1.809300000000e+02) | best noise-free fitness - Fopt | measured fitness | best measured fitness | x1 | x2...
1 +1.025790985e+05 +1.025790985e+05 +1.023981685e+05 +1.023981685e+05 +1.2096e-01 +8.5942e-01 +7.4012e-01 +6.2771e-01 +8.5371e-01 +7.5975e-01 +6.1548e-01 +3.2566e-01 +1.6785e-01 +1.4953e-01 +4.7373e-01 +4.3094e-01 +3.4963e-01 +5.0370e-01 +2.0129e-01 +7.0467e-01 +3.8473e-02 +4.3427e-01 +4.0082e-01 +5.6629e-01
9 +9.329992429e+04 +9.329992429e+04 +9.311899429e+04 +9.311899429e+04 +3.8753e-01 +3.0603e-01 +7.0640e-01 +9.8203e-01 +7.8135e-02 +2.2740e-01 +4.1475e-01 +8.1478e-01 +5.2822e-01 +1.2618e-01 +8.7922e-01 +7.7384e-01 +4.7843e-01 +9.3880e-01 +4.4996e-01 +4.2684e-02 +4.0974e-01 +6.4925e-01 +4.6163e-01 +5.5338e-01
187 +6.294082748e+04 +6.294082748e+04 +6.275989748e+04 +6.275989748e+04 +0.0000e+00 +4.7255e-01 +2.4973e-01 +1.0000e+00 +0.0000e+00 +3.0841e-03 +9.8997e-02 +7.1925e-01 +0.0000e+00 +0.0000e+00 +1.0000e+00 +9.1710e-01 +1.0000e+00 +1.4531e-01 +3.0388e-02 +9.3267e-01 +7.8840e-02 +5.9865e-02 +4.1661e-01 +5.7849e-01
% function evaluation | noise-free fitness - Fopt (-3.674000000000e+01) | best noise-free fitness - Fopt | measured fitness | best measured fitness | x1 | x2...
1 +1.270714916e+05 +1.270714916e+05 +1.270347516e+05 +1.270347516e+05 +6.6305e-01 +3.1091e-01 +2.2859e-01 +6.2702e-01 +5.3983e-01 +1.6555e-01 +2.1386e-01 +6.3652e-02 +3.8847e-01 +6.8560e-01 +5.2273e-01 +5.8181e-01 +2.2704e-01 +3.8258e-01 +5.7878e-01 +5.8332e-01 +8.1603e-01 +3.1071e-01 +3.8499e-01 +5.6995e-01
50 +9.963348199e+04 +9.963348199e+04 +9.959674199e+04 +9.959674199e+04 +2.8540e-01 +6.8096e-01 +0.0000e+00 +6.2833e-01 +0.0000e+00 +7.3744e-01 +0.0000e+00 +6.1839e-01 +2.2825e-01 +4.7923e-02 +1.0000e+00 +5.8444e-01 +1.0000e+00 +1.0000e+00 +4.1194e-01 +4.2944e-01 +4.4041e-01 +3.8038e-01 +3.5251e-02 +7.7146e-01
% function evaluation | noise-free fitness - Fopt (1.151100000000e+02) | best noise-free fitness - Fopt | measured fitness | best measured fitness | x1 | x2...
1 +1.766653314e+05 +1.766653314e+05 +1.767804414e+05 +1.767804414e+05 +6.2826e-01 +2.6209e-01 +7.0684e-01 +6.0088e-01 +3.7866e-01 +5.9457e-01 +8.0069e-01 +5.3175e-01 +6.6943e-01 +8.6570e-01 +2.3439e-01 +8.0769e-01 +9.1080e-01 +6.8959e-01 +6.2495e-01 +6.0072e-01 +7.7344e-01 +5.0866e-01 +1.7096e-01 +3.7847e-01
23 +1.546213765e+05 +1.546213765e+05 +1.547364865e+05 +1.547364865e+05 +2.0407e-01 +3.6378e-01 +6.1323e-01 +6.3460e-01 +0.0000e+00 +3.4447e-01 +4.4139e-01 +7.8195e-01 +2.5466e-01 +5.5901e-01 +1.4840e-01 +6.2789e-01 +5.1249e-01 +4.6725e-01 +5.9332e-01 +4.5510e-01 +1.6613e-01 +6.2826e-01 +9.3859e-02 +9.2441e-01
108 +9.870780726e+04 +9.870780726e+04 +9.882291726e+04 +9.882291726e+04 +1.0000e+00 +4.4069e-03 +1.0000e+00 +9.8454e-01 +9.9189e-01 +2.3262e-02 +7.8153e-01 +0.0000e+00 +0.0000e+00 +8.8317e-01 +4.4077e-01 +0.0000e+00 +0.0000e+00 +0.0000e+00 +0.0000e+00 +0.0000e+00 +3.2227e-01 +1.0000e+00 +0.0000e+00 +7.4565e-01
% function evaluation | noise-free fitness - Fopt (1.759000000000e+01) | best noise-free fitness - Fopt | measured fitness | best measured fitness | x1 | x2...
1 +1.647163948e+05 +1.647163948e+05 +1.647339848e+05 +1.647339848e+05 +9.9633e-01 +7.9283e-01 +1.6227e-01 +1.0058e-01 +4.7264e-01 +4.3487e-01 +8.2644e-01 +8.3880e-01 +8.7448e-01 +9.3464e-01 +7.5663e-01 +7.9533e-02 +3.4958e-01 +1.9816e-01 +6.9930e-02 +9.4063e-01 +4.7198e-01 +6.1310e-01 +1.6141e-01 +9.0067e-01
4 +1.475899267e+05 +1.475899267e+05 +1.476075167e+05 +1.476075167e+05 +3.1626e-01 +7.3409e-01 +6.6239e-01 +3.4301e-01 +7.4407e-01 +8.5145e-01 +1.1025e-01 +7.2916e-01 +3.3160e-02 +1.1975e-01 +5.7450e-01 +6.6420e-01 +3.0038e-02 +7.9976e-01 +3.1108e-01 +3.2047e-02 +5.1807e-01 +1.0663e-01 +5.6779e-01 +1.4941e-01
67 +9.681770109e+04 +9.681770109e+04 +9.683529109e+04 +9.683529109e+04 +3.0088e-01 +3.5132e-01 +1.2091e-01 +1.6203e-01 +1.0000e+00 +1.0000e+00 +1.7860e-01 +9.3258e-01 +7.5922e-02 +0.0000e+00 +1.4996e-01 +0.0000e+00 +1.0000e+00 +7.0585e-01 +7.4719e-01 +0.0000e+00 +0.0000e+00 +5.0434e-01 +0.0000e+00 +1.0000e+00
% function evaluation | noise-free fitness - Fopt (1.000000000000e+03) | best noise-free fitness - Fopt | measured fitness | best measured fitness | x1 | x2...
1 +1.401374386e+05 +1.401374386e+05 +1.411374386e+05 +1.411374386e+05 +3.8003e-01 +9.0825e-01 +4.3963e-01 +2.2125e-01 +7.7854e-01 +1.3754e-01 +5.1363e-01 +3.8523e-01 +2.4423e-01 +4.9543e-01 +7.7303e-01 +1.9224e-02 +6.0166e-01 +2.6843e-01 +1.9259e-01 +8.9425e-01 +1.9618e-01 +5.4241e-01 +5.0196e-01 +6.3885e-01
68 +9.798454824e+04 +9.798454824e+04 +9.898454824e+04 +9.898454824e+04 +8.6928e-01 +9.6905e-01 +0.0000e+00 +3.3496e-02 +1.0000e+00 +6.2584e-02 +8.1224e-01 +3.5789e-02 +1.0000e+00 +0.0000e+00 +0.0000e+00 +3.1018e-01 +2.6693e-01 +0.0000e+00 +2.4360e-01 +1.0000e+00 +2.3927e-01 +1.0000e+00 +5.9514e-01 +9.4715e-01
