% function evaluation | noise-free fitness - Fopt (6.870000000000e+00) | best noise-free fitness - Fopt | measured fitness | best measured fitness | x1 | x2...
1 +3.859228943e+01 +3.859228943e+01 +4.546228943e+01 +4.546228943e+01 +5.2870e-01 +2.0936e-01
2 +1.368134245e+01 +1.368134245e+01 +2.055134245e+01 +2.055134245e+01 +2.6229e-01 +8.1506e-01
5 +8.977084286e+00 +8.977084286e+00 +1.584708429e+01 +1.584708429e+01 +4.8907e-01 +6.7037e-01
80 +5.732688297e+00 +5.732688297e+00 +1.260268830e+01 +1.260268830e+01 +9.5541e-01 +9.6799e-01
143 +3.660596423e+00 +3.660596423e+00 +1.053059642e+01 +1.053059642e+01 +3.8456e-01 +1.9660e-01
322 +4.006017003e-01 +4.006017003e-01 +7.270601700e+00 +7.270601700e+00 +9.0115e-01 +7.3098e-01
2422 +1.745460696e-01 +1.745460696e-01 +7.044546070e+00 +7.044546070e+00 +8.9971e-01 +7.3193e-01
3062 +7.440414860e-02 +7.440414860e-02 +6.944404149e+00 +6.944404149e+00 +8.9915e-01 +7.3223e-01
3340 +5.793345036e-02 +5.793345036e-02 +6.927933450e+00 +6.927933450e+00 +8.9907e-01 +7.3230e-01
3480 +3.803946394e-02 +3.803946394e-02 +6.908039464e+00 +6.908039464e+00 +8.9916e-01 +7.3225e-01
3560 +2.221513531e-02 +2.221513531e-02 +6.892215135e+00 +6.892215135e+00 +8.9917e-01 +7.3225e-01
4922 +1.457922688e-02 +1.457922688e-02 +6.884579227e+00 +6.884579227e+00 +8.9914e-01 +7.3227e-01
5908 +8.508472240e-03 +8.508472240e-03 +6.878508472e+00 +6.878508472e+00 +1.9233e-02 +9.1956e-01
5948 +4.629439825e-03 +4.629439825e-03 +6.874629440e+00 +6.874629440e+00 +1.9214e-02 +9.1958e-01
6248 +3.141246284e-03 +3.141246284e-03 +6.873141246e+00 +6.873141246e+00 +1.9215e-02 +9.1958e-01
6267 +1.284031519e-03 +1.284031519e-03 +6.871284032e+00 +6.871284032e+00 +1.9207e-02 +9.1958e-01
7008 +9.676989970e-04 +9.676989970e-04 +6.870967699e+00 +6.870967699e+00 +1.9208e-02 +9.1958e-01
7407 +6.736638759e-05 +6.736638759e-05 +6.870067366e+00 +6.870067366e+00 +1.9210e-02 +9.1958e-01
7588 +4.271328465e-05 +4.271328465e-05 +6.870042713e+00 +6.870042713e+00 +1.9210e-02 +9.1958e-01
8187 +2.808227244e-05 +2.808227244e-05 +6.870028082e+00 +6.870028082e+00 +1.9210e-02 +9.1958e-01
8268 +2.500726879e-05 +2.500726879e-05 +6.870025007e+00 +6.870025007e+00 +1.9210e-02 +9.1958e-01
% function evaluation | noise-free fitness - Fopt (1.000000000000e-02) | best noise-free fitness - Fopt | measured fitness | best measured fitness | x1 | x2...
1 +5.411805208e+01 +5.411805208e+01 +5.412805208e+01 +5.412805208e+01 +9.5027e-01 +9.9216e-01
5 +7.138757095e+00 +7.138757095e+00 +7.148757095e+00 +7.148757095e+00 +3.8505e-02 +8.0074e-01
36 +4.178586844e+00 +4.178586844e+00 +4.188586844e+00 +4.188586844e+00 +4.8514e-01 +2.1535e-01
123 +1.487849480e+00 +1.487849480e+00 +1.497849480e+00 +1.497849480e+00 +9.5037e-02 +1.0000e+00
367 +9.915227988e-01 +9.915227988e-01 +1.001522799e+00 +1.001522799e+00 +9.6179e-02 +1.0000e+00
1554 +3.585184620e-01 +3.585184620e-01 +3.685184620e-01 +3.685184620e-01 +4.5026e-01 +1.1647e-01
1694 +2.336531327e-01 +2.336531327e-01 +2.436531327e-01 +2.436531327e-01 +4.4997e-01 +1.1685e-01
2133 +1.380388590e-01 +1.380388590e-01 +1.480388590e-01 +1.480388590e-01 +4.4938e-01 +1.1700e-01
2173 +6.948825075e-02 +6.948825075e-02 +7.948825075e-02 +7.948825075e-02 +4.4881e-01 +1.1726e-01
2213 +1.013015794e-02 +1.013015794e-02 +2.013015794e-02 +2.013015794e-02 +4.4892e-01 +1.1724e-01
2677 +9.971766186e-03 +9.971766186e-03 +1.997176619e-02 +1.997176619e-02 +4.4889e-01 +1.1726e-01
2853 +3.074846848e-03 +3.074846848e-03 +1.307484685e-02 +1.307484685e-02 +4.4892e-01 +1.1724e-01
3234 +2.301178412e-03 +2.301178412e-03 +1.230117841e-02 +1.230117841e-02 +4.4892e-01 +1.1724e-01
3273 +1.289398772e-03 +1.289398772e-03 +1.128939877e-02 +1.128939877e-02 +4.4891e-01 +1.1724e-01
3794 +8.040468577e-04 +8.040468577e-04 +1.080404686e-02 +1.080404686e-02 +4.4891e-01 +1.1724e-01
3853 +6.172385837e-04 +6.172385837e-04 +1.061723858e-02 +1.061723858e-02 +4.4891e-01 +1.1724e-01
4013 +3.912494771e-04 +3.912494771e-04 +1.039124948e-02 +1.039124948e-02 +4.4891e-01 +1.1724e-01
4054 +2.432050247e-04 +2.432050247e-04 +1.024320502e-02 +1.024320502e-02 +4.4891e-01 +1.1724e-01
4173 +7.905765473e-05 +7.905765473e-05 +1.007905765e-02 +1.007905765e-02 +4.4891e-01 +1.1724e-01
4895 +2.901068902e-05 +2.901068902e-05 +1.002901069e-02 +1.002901069e-02 +4.4891e-01 +1.1724e-01
4937 +2.441788317e-05 +2.441788317e-05 +1.002441788e-02 +1.002441788e-02 +4.4891e-01 +1.1724e-01
5234 +4.864053361e-06 +4.864053361e-06 +1.000486405e-02 +1.000486405e-02 +4.4891e-01 +1.1724e-01
5453 +1.565518548e-06 +1.565518548e-06 +1.000156552e-02 +1.000156552e-02 +4.4891e-01 +1.1724e-01
6014 +9.978652915e-07 +9.978652915e-07 +1.000099787e-02 +1.000099787e-02 +4.4891e-01 +1.1724e-01
6750 +5.488239613e-07 +5.488239613e-07 +1.000054882e-02 +1.000054882e-02 +4.4891e-01 +1.1724e-01
6967 +3.190158460e-07 +3.190158460e-07 +1.000031902e-02 +1.000031902e-02 +4.4891e-01 +1.1724e-01
7006 +2.452455433e-07 +2.452455433e-07 +1.000024525e-02 +1.000024525e-02 +4.4891e-01 +1.1724e-01
7086 +1.484375850e-07 +1.484375850e-07 +1.000014844e-02 +1.000014844e-02 +4.4891e-01 +1.1724e-01
7185 +5.859712771e-08 +5.859712771e-08 +1.000005860e-02 +1.000005860e-02 +4.4891e-01 +1.1724e-01
7229 +1.920886727e-08 +1.920886727e-08 +1.000001921e-02 +1.000001921e-02 +4.4891e-01 +1.1724e-01
7325 +4.201282655e-09 +4.201282655e-09 +1.000000420e-02 +1.000000420e-02 +4.4891e-01 +1.1724e-01
7604 +3.496739009e-09 +3.496739009e-09 +1.000000350e-02 +1.000000350e-02 +4.4891e-01 +1.1724e-01
7642 +2.091981588e-09 +2.091981588e-09 +1.000000209e-02 +1.000000209e-02 +4.4891e-01 +1.1724e-01
7900 +1.550120032e-09 +1.550120032e-09 +1.000000155e-02 +1.000000155e-02 +4.4891e-01 +1.1724e-01
7958 +2.276312472e-10 +2.276312472e-10 +1.000000023e-02 +1.000000023e-02 +4.4891e-01 +1.1724e-01
8257 +1.169087049e-10 +1.169087049e-10 +1.000000012e-02 +1.000000012e-02 +4.4891e-01 +1.1724e-01
8317 +5.938194381e-11 +5.938194381e-11 +1.000000006e-02 +1.000000006e-02 +4.4891e-01 +1.1724e-01
8630 +3.587685704e-11 +3.587685704e-11 +1.000000004e-02 +1.000000004e-02 +4.4891e-01 +1.1724e-01
8907 +1.855682275e-11 +1.855682275e-11 +1.000000002e-02 +1.000000002e-02 +4.4891e-01 +1.1724e-01
9203 +4.948264021e-12 +4.948264021e-12 +1.000000000e-02 +1.000000000e-02 +4.4891e-01 +1.1724e-01
9482 +1.855737786e-12 +1.855737786e-12 +1.000000000e-02 +1.000000000e-02 +4.4891e-01 +1.1724e-01
9756 +6.183942247e-13 +6.183942247e-13 +1.000000000e-02 +1.000000000e-02 +4.4891e-01 +1.1724e-01
9776 +0.000000000e+00 +0.000000000e+00 +1.000000000e-02 +1.000000000e-02 +4.4891e-01 +1.1724e-01
% function evaluation | noise-free fitness - Fopt (-1.306100000000e+02) | best noise-free fitness - Fopt | measured fitness | best measured fitness | x1 | x2...
1 +1.295762302e+01 +1.295762302e+01 -1.176523770e+02 -1.176523770e+02 +2.9598e-01 +1.2255e-01
48 +9.472008652e+00 +9.472008652e+00 -1.211379913e+02 -1.211379913e+02 +3.1232e-01 +1.1739e-01
117 +5.685704684e+00 +5.685704684e+00 -1.249242953e+02 -1.249242953e+02 +0.0000e+00 +5.3559e-01
137 +3.661574492e+00 +3.661574492e+00 -1.269484255e+02 -1.269484255e+02 +8.0559e-03 +5.3518e-01
139 +3.659139419e-01 +3.659139419e-01 -1.302440861e+02 -1.302440861e+02 +0.0000e+00 +5.4676e-01
297 +1.074102520e-01 +1.074102520e-01 -1.305025897e+02 -1.305025897e+02 +0.0000e+00 +5.4727e-01
377 +8.373107693e-02 +8.373107693e-02 -1.305262689e+02 -1.305262689e+02 +0.0000e+00 +5.4748e-01
1068 +4.529288585e-02 +4.529288585e-02 -1.305647071e+02 -1.305647071e+02 +2.9502e-01 +1.4844e-01
1450 +2.698561471e-02 +2.698561471e-02 -1.305830144e+02 -1.305830144e+02 +2.9504e-01 +1.4833e-01
1510 +1.167488355e-02 +1.167488355e-02 -1.305983251e+02 -1.305983251e+02 +2.9502e-01 +1.4836e-01
2070 +5.571092162e-03 +5.571092162e-03 -1.306044289e+02 -1.306044289e+02 +2.9501e-01 +1.4840e-01
2388 +3.473042510e-03 +3.473042510e-03 -1.306065270e+02 -1.306065270e+02 +2.9502e-01 +1.4838e-01
2408 +1.335208483e-03 +1.335208483e-03 -1.306086648e+02 -1.306086648e+02 +2.9502e-01 +1.4839e-01
2590 +6.347279075e-04 +6.347279075e-04 -1.306093653e+02 -1.306093653e+02 +2.9502e-01 +1.4839e-01
2691 +2.864898756e-04 +2.864898756e-04 -1.306097135e+02 -1.306097135e+02 +2.9502e-01 +1.4839e-01
2770 +1.035892623e-04 +1.035892623e-04 -1.306098964e+02 -1.306098964e+02 +2.9502e-01 +1.4839e-01
3030 +5.769888091e-05 +5.769888091e-05 -1.306099423e+02 -1.306099423e+02 +2.9502e-01 +1.4839e-01
3711 +1.689673798e-05 +1.689673798e-05 -1.306099831e+02 -1.306099831e+02 +2.9502e-01 +1.4839e-01
3771 +1.065204489e-05 +1.065204489e-05 -1.306099893e+02 -1.306099893e+02 +2.9502e-01 +1.4839e-01
3807 +5.166405344e-06 +5.166405344e-06 -1.306099948e+02 -1.306099948e+02 +2.9502e-01 +1.4839e-01
4071 +4.918074126e-07 +4.918074126e-07 -1.306099995e+02 -1.306099995e+02 +2.9502e-01 +1.4839e-01
4831 +1.823007949e-07 +1.823007949e-07 -1.306099998e+02 -1.306099998e+02 +2.9502e-01 +1.4839e-01
5311 +1.517607870e-07 +1.517607870e-07 -1.306099998e+02 -1.306099998e+02 +2.9502e-01 +1.4839e-01
5371 +9.042267379e-08 +9.042267379e-08 -1.306099999e+02 -1.306099999e+02 +2.9502e-01 +1.4839e-01
5631 +6.015901022e-08 +6.015901022e-08 -1.306099999e+02 -1.306099999e+02 +2.9502e-01 +1.4839e-01
5910 +2.824174317e-08 +2.824174317e-08 -1.306100000e+02 -1.306100000e+02 +2.9502e-01 +1.4839e-01
5989 +2.228435392e-08 +2.228435392e-08 -1.306100000e+02 -1.306100000e+02 +2.9502e-01 +1.4839e-01
6229 +1.527419613e-08 +1.527419613e-08 -1.306100000e+02 -1.306100000e+02 +2.9502e-01 +1.4839e-01
6365 +6.995321655e-09 +6.995321655e-09 -1.306100000e+02 -1.306100000e+02 +2.9502e-01 +1.4839e-01
6405 +5.995730135e-09 +5.995730135e-09 -1.306100000e+02 -1.306100000e+02 +2.9502e-01 +1.4839e-01
6447 +2.828699053e-09 +2.828699053e-09 -1.306100000e+02 -1.306100000e+02 +2.9502e-01 +1.4839e-01
6606 +2.202085625e-09 +2.202085625e-09 -1.306100000e+02 -1.306100000e+02 +2.9502e-01 +1.4839e-01
6759 +1.320017873e-09 +1.320017873e-09 -1.306100000e+02 -1.306100000e+02 +2.9502e-01 +1.4839e-01
6856 +7.676419500e-10 +7.676419500e-10 -1.306100000e+02 -1.306100000e+02 +2.9502e-01 +1.4839e-01
6971 +1.564899321e-10 +1.564899321e-10 -1.306100000e+02 -1.306100000e+02 +2.9502e-01 +1.4839e-01
7487 +7.176481631e-11 +7.176481631e-11 -1.306100000e+02 -1.306100000e+02 +2.9502e-01 +1.4839e-01
7640 +4.268940756e-11 +4.268940756e-11 -1.306100000e+02 -1.306100000e+02 +2.9502e-01 +1.4839e-01
7750 +2.165734259e-11 +2.165734259e-11 -1.306100000e+02 -1.306100000e+02 +2.9502e-01 +1.4839e-01
8290 +9.890754882e-12 +9.890754882e-12 -1.306100000e+02 -1.306100000e+02 +2.9502e-01 +1.4839e-01
8303 +2.472688720e-12 +2.472688720e-12 -1.306100000e+02 -1.306100000e+02 +2.9502e-01 +1.4839e-01
9128 +6.252776075e-13 +6.252776075e-13 -1.306100000e+02 -1.306100000e+02 +2.9502e-01 +1.4839e-01
9244 +0.000000000e+00 +0.000000000e+00 -1.306100000e+02 -1.306100000e+02 +2.9502e-01 +1.4839e-01
% function evaluation | noise-free fitness - Fopt (-2.231200000000e+02) | best noise-free fitness - Fopt | measured fitness | best measured fitness | x1 | x2...
1 +5.671971219e+01 +5.671971219e+01 -1.664002878e+02 -1.664002878e+02 +3.0639e-01 +3.6167e-01
4 +2.296229952e+01 +2.296229952e+01 -2.001577005e+02 -2.001577005e+02 +7.6205e-02 +8.1780e-01
12 +1.135745685e+01 +1.135745685e+01 -2.117625432e+02 -2.117625432e+02 +6.8566e-01 +6.4593e-01
22 +7.598250290e+00 +7.598250290e+00 -2.155217497e+02 -2.155217497e+02 +8.2811e-01 +2.4317e-01
28 +4.257040483e+00 +4.257040483e+00 -2.188629595e+02 -2.188629595e+02 +8.2345e-01 +4.7817e-01
293 +1.750135728e+00 +1.750135728e+00 -2.213698643e+02 -2.213698643e+02 +6.8041e-01 +2.8366e-01
441 +1.416666452e+00 +1.416666452e+00 -2.217033335e+02 -2.217033335e+02 +4.5353e-01 +8.7803e-01
793 +5.414263301e-01 +5.414263301e-01 -2.225785737e+02 -2.225785737e+02 +6.9563e-01 +2.9179e-01
1211 +2.676415910e-01 +2.676415910e-01 -2.228523584e+02 -2.228523584e+02 +6.9910e-01 +2.9372e-01
1281 +2.211721422e-01 +2.211721422e-01 -2.228988279e+02 -2.228988279e+02 +4.5920e-01 +8.8058e-01
1471 +8.997251158e-02 +8.997251158e-02 -2.230300275e+02 -2.230300275e+02 +6.9825e-01 +2.9332e-01
1593 +4.757159536e-02 +4.757159536e-02 -2.230724284e+02 -2.230724284e+02 +6.9815e-01 +2.9328e-01
2594 +3.002727224e-02 +3.002727224e-02 -2.230899727e+02 -2.230899727e+02 +6.9788e-01 +2.9313e-01
2833 +2.257525328e-02 +2.257525328e-02 -2.230974247e+02 -2.230974247e+02 +6.9798e-01 +2.9319e-01
4195 +8.962856083e-03 +8.962856083e-03 -2.231110371e+02 -2.231110371e+02 +6.9786e-01 +2.9312e-01
4313 +2.958255142e-03 +2.958255142e-03 -2.231170417e+02 -2.231170417e+02 +6.9785e-01 +2.9312e-01
4475 +2.060090653e-03 +2.060090653e-03 -2.231179399e+02 -2.231179399e+02 +6.9784e-01 +2.9312e-01
4895 +1.385580893e-03 +1.385580893e-03 -2.231186144e+02 -2.231186144e+02 +6.9784e-01 +2.9312e-01
% function evaluation | noise-free fitness - Fopt (-4.443000000000e+01) | best noise-free fitness - Fopt | measured fitness | best measured fitness | x1 | x2...
1 +5.827879069e+01 +5.827879069e+01 +1.384879069e+01 +1.384879069e+01 +2.2332e-01 +7.5410e-01
5 +3.638287992e+01 +3.638287992e+01 -8.047120078e+00 -8.047120078e+00 +3.3523e-01 +8.0888e-01
7 +2.017213383e+01 +2.017213383e+01 -2.425786617e+01 -2.425786617e+01 +3.1987e-01 +4.1305e-01
11 +1.098821626e+01 +1.098821626e+01 -3.344178374e+01 -3.344178374e+01 +2.3168e-01 +4.0032e-01
17 +9.006579904e+00 +9.006579904e+00 -3.542342010e+01 -3.542342010e+01 +3.0584e-01 +2.1258e-01
23 +4.885599323e+00 +4.885599323e+00 -3.954440068e+01 -3.954440068e+01 +2.3914e-01 +6.8394e-01
142 +2.888334778e+00 +2.888334778e+00 -4.154166522e+01 -4.154166522e+01 +1.1973e-01 +7.1174e-01
389 +2.297566428e+00 +2.297566428e+00 -4.213243357e+01 -4.213243357e+01 +1.9887e-01 +3.2399e-01
402 +5.436434278e-01 +5.436434278e-01 -4.388635657e+01 -4.388635657e+01 +2.1085e-01 +7.1532e-01
1288 +2.495193199e-01 +2.495193199e-01 -4.418048068e+01 -4.418048068e+01 +1.9360e-01 +3.3285e-01
1689 +1.286388127e-01 +1.286388127e-01 -4.430136119e+01 -4.430136119e+01 +1.9367e-01 +3.3266e-01
2071 +9.910133339e-02 +9.910133339e-02 -4.433089867e+01 -4.433089867e+01 +1.9357e-01 +3.3279e-01
2321 +4.924225972e-02 +4.924225972e-02 -4.438075774e+01 -4.438075774e+01 +2.0946e-01 +7.1660e-01
2361 +3.375385771e-02 +3.375385771e-02 -4.439624614e+01 -4.439624614e+01 +2.0950e-01 +7.1655e-01
2721 +2.463318215e-02 +2.463318215e-02 -4.440536682e+01 -4.440536682e+01 +2.0954e-01 +7.1649e-01
3251 +8.066970293e-03 +8.066970293e-03 -4.442193303e+01 -4.442193303e+01 +1.9315e-01 +3.3322e-01
3412 +6.153613010e-03 +6.153613010e-03 -4.442384639e+01 -4.442384639e+01 +1.9315e-01 +3.3322e-01
4228 +9.602796090e-04 +9.602796090e-04 -4.442903972e+01 -4.442903972e+01 +1.9313e-01 +3.3324e-01
5428 +2.774274378e-04 +2.774274378e-04 -4.442972257e+01 -4.442972257e+01 +1.9313e-01 +3.3324e-01
5591 +2.363646947e-04 +2.363646947e-04 -4.442976364e+01 -4.442976364e+01 +1.9314e-01 +3.3324e-01
6150 +1.561000160e-04 +1.561000160e-04 -4.442984390e+01 -4.442984390e+01 +1.9314e-01 +3.3324e-01
6411 +8.992778252e-05 +8.992778252e-05 -4.442991007e+01 -4.442991007e+01 +1.9314e-01 +3.3324e-01
6827 +4.459345598e-05 +4.459345598e-05 -4.442995541e+01 -4.442995541e+01 +1.9314e-01 +3.3324e-01
6846 +2.333909965e-05 +2.333909965e-05 -4.442997666e+01 -4.442997666e+01 +1.9314e-01 +3.3324e-01
7030 +6.933120297e-06 +6.933120297e-06 -4.442999307e+01 -4.442999307e+01 +1.9314e-01 +3.3324e-01
7331 +5.780757519e-06 +5.780757519e-06 -4.442999422e+01 -4.442999422e+01 +1.9314e-01 +3.3324e-01
7990 +3.021598367e-06 +3.021598367e-06 -4.442999698e+01 -4.442999698e+01 +1.9314e-01 +3.3324e-01
8513 +1.192447556e-06 +1.192447556e-06 -4.442999881e+01 -4.442999881e+01 +1.9314e-01 +3.3324e-01
8995 +9.240969874e-07 +9.240969874e-07 -4.442999908e+01 -4.442999908e+01 +1.9314e-01 +3.3324e-01
9295 +4.686135995e-07 +4.686135995e-07 -4.442999953e+01 -4.442999953e+01 +1.9314e-01 +3.3324e-01
9628 +3.027768543e-07 +3.027768543e-07 -4.442999970e+01 -4.442999970e+01 +1.9314e-01 +3.3324e-01
9689 +2.343868388e-07 +2.343868388e-07 -4.442999977e+01 -4.442999977e+01 +1.9314e-01 +3.3324e-01
9730 +1.074877574e-07 +1.074877574e-07 -4.442999989e+01 -4.442999989e+01 +1.9314e-01 +3.3324e-01
% function evaluation | noise-free fitness - Fopt (1.994000000000e+01) | best noise-free fitness - Fopt | measured fitness | best measured fitness | x1 | x2...
1 +4.369800487e+01 +4.369800487e+01 +6.363800487e+01 +6.363800487e+01 +5.7391e-01 +3.9410e-01
4 +4.641534561e+00 +4.641534561e+00 +2.458153456e+01 +2.458153456e+01 +9.8844e-01 +3.4531e-01
18 +3.087016112e+00 +3.087016112e+00 +2.302701611e+01 +2.302701611e+01 +9.2795e-01 +3.0730e-01
56 +5.711503103e-01 +5.711503103e-01 +2.051115031e+01 +2.051115031e+01 +6.0405e-01 +6.7234e-02
680 +2.745872539e-01 +2.745872539e-01 +2.021458725e+01 +2.021458725e+01 +9.3114e-01 +3.0401e-01
1318 +3.583528448e-02 +3.583528448e-02 +1.997583528e+01 +1.997583528e+01 +9.3127e-01 +3.0456e-01
1740 +1.930714786e-02 +1.930714786e-02 +1.995930715e+01 +1.995930715e+01 +9.3129e-01 +3.0455e-01
2139 +1.325633913e-02 +1.325633913e-02 +1.995325634e+01 +1.995325634e+01 +9.3130e-01 +3.0449e-01
2180 +4.718707579e-03 +4.718707579e-03 +1.994471871e+01 +1.994471871e+01 +9.3129e-01 +3.0450e-01
2438 +1.205050187e-03 +1.205050187e-03 +1.994120505e+01 +1.994120505e+01 +9.3129e-01 +3.0451e-01
2520 +4.382905393e-04 +4.382905393e-04 +1.994043829e+01 +1.994043829e+01 +9.3129e-01 +3.0451e-01
2578 +2.484364589e-04 +2.484364589e-04 +1.994024844e+01 +1.994024844e+01 +9.3129e-01 +3.0451e-01
2840 +1.354856518e-05 +1.354856518e-05 +1.994001355e+01 +1.994001355e+01 +9.3129e-01 +3.0451e-01
3840 +6.984807069e-06 +6.984807069e-06 +1.994000698e+01 +1.994000698e+01 +9.3129e-01 +3.0451e-01
3880 +5.620965251e-06 +5.620965251e-06 +1.994000562e+01 +1.994000562e+01 +9.3129e-01 +3.0451e-01
4400 +3.637247250e-06 +3.637247250e-06 +1.994000364e+01 +1.994000364e+01 +9.3129e-01 +3.0451e-01
4842 +1.825773381e-06 +1.825773381e-06 +1.994000183e+01 +1.994000183e+01 +9.3129e-01 +3.0451e-01
4999 +1.341434427e-06 +1.341434427e-06 +1.994000134e+01 +1.994000134e+01 +9.3129e-01 +3.0451e-01
5060 +6.211986090e-07 +6.211986090e-07 +1.994000062e+01 +1.994000062e+01 +9.3129e-01 +3.0451e-01
5320 +3.534321102e-07 +3.534321102e-07 +1.994000035e+01 +1.994000035e+01 +9.3129e-01 +3.0451e-01
5640 +2.323916810e-07 +2.323916810e-07 +1.994000023e+01 +1.994000023e+01 +9.3129e-01 +3.0451e-01
5680 +1.549422421e-07 +1.549422421e-07 +1.994000015e+01 +1.994000015e+01 +9.3129e-01 +3.0451e-01
5736 +3.233570922e-08 +3.233570922e-08 +1.994000003e+01 +1.994000003e+01 +9.3129e-01 +3.0451e-01
6261 +1.206561961e-08 +1.206561961e-08 +1.994000001e+01 +1.994000001e+01 +9.3129e-01 +3.0451e-01
6342 +2.022549239e-09 +2.022549239e-09 +1.994000000e+01 +1.994000000e+01 +9.3129e-01 +3.0451e-01
6960 +1.878106559e-10 +1.878106559e-10 +1.994000000e+01 +1.994000000e+01 +9.3129e-01 +3.0451e-01
7441 +1.560316321e-10 +1.560316321e-10 +1.994000000e+01 +1.994000000e+01 +9.3129e-01 +3.0451e-01
7681 +4.213873694e-11 +4.213873694e-11 +1.994000000e+01 +1.994000000e+01 +9.3129e-01 +3.0451e-01
7741 +2.249933573e-11 +2.249933573e-11 +1.994000000e+01 +1.994000000e+01 +9.3129e-01 +3.0451e-01
7920 +3.325340003e-12 +3.325340003e-12 +1.994000000e+01 +1.994000000e+01 +9.3129e-01 +3.0451e-01
8378 +2.398081733e-12 +2.398081733e-12 +1.994000000e+01 +1.994000000e+01 +9.3129e-01 +3.0451e-01
8538 +6.181721801e-13 +6.181721801e-13 +1.994000000e+01 +1.994000000e+01 +9.3129e-01 +3.0451e-01
8620 +1.563194019e-13 +1.563194019e-13 +1.994000000e+01 +1.994000000e+01 +9.3129e-01 +3.0451e-01
8942 +0.000000000e+00 +0.000000000e+00 +1.994000000e+01 +1.994000000e+01 +9.3129e-01 +3.0451e-01
% function evaluation | noise-free fitness - Fopt (2.047400000000e+02) | best noise-free fitness - Fopt | measured fitness | best measured fitness | x1 | x2...
1 +2.626764512e+01 +2.626764512e+01 +2.310076451e+02 +2.310076451e+02 +1.6934e-01 +4.9413e-01
3 +2.385042117e+01 +2.385042117e+01 +2.285904212e+02 +2.285904212e+02 +9.9205e-01 +3.1788e-01
13 +7.065778615e+00 +7.065778615e+00 +2.118057786e+02 +2.118057786e+02 +2.6733e-01 +3.9515e-01
120 +4.875023594e+00 +4.875023594e+00 +2.096150236e+02 +2.096150236e+02 +8.6103e-01 +6.7625e-01
126 +2.752944411e+00 +2.752944411e+00 +2.074929444e+02 +2.074929444e+02 +4.5225e-01 +4.3157e-02
385 +2.084768178e+00 +2.084768178e+00 +2.068247682e+02 +2.068247682e+02 +4.5401e-01 +4.3865e-02
704 +1.576716722e+00 +1.576716722e+00 +2.063167167e+02 +2.063167167e+02 +4.5498e-01 +4.7831e-02
967 +9.714627879e-01 +9.714627879e-01 +2.057114628e+02 +2.057114628e+02 +4.5836e-01 +4.8108e-02
1306 +5.395111355e-01 +5.395111355e-01 +2.052795111e+02 +2.052795111e+02 +4.6013e-01 +5.1086e-02
1345 +3.936013621e-01 +3.936013621e-01 +2.051336014e+02 +2.051336014e+02 +4.6107e-01 +5.1074e-02
1365 +2.456409612e-01 +2.456409612e-01 +2.049856410e+02 +2.049856410e+02 +4.6147e-01 +5.1927e-02
1504 +1.581086138e-01 +1.581086138e-01 +2.048981086e+02 +2.048981086e+02 +4.6193e-01 +5.2112e-02
1565 +4.567084760e-02 +4.567084760e-02 +2.047856708e+02 +2.047856708e+02 +4.6250e-01 +5.2585e-02
2205 +3.872772863e-02 +3.872772863e-02 +2.047787277e+02 +2.047787277e+02 +4.6248e-01 +5.2574e-02
2326 +1.108266736e-02 +1.108266736e-02 +2.047510827e+02 +2.047510827e+02 +4.6239e-01 +5.2526e-02
2545 +7.598099058e-03 +7.598099058e-03 +2.047475981e+02 +2.047475981e+02 +4.6239e-01 +5.2514e-02
2760 +5.319555923e-03 +5.319555923e-03 +2.047453196e+02 +2.047453196e+02 +8.6788e-01 +4.9745e-01
2980 +3.246493262e-03 +3.246493262e-03 +2.047432465e+02 +2.047432465e+02 +8.6786e-01 +4.9744e-01
3040 +8.887669913e-04 +8.887669913e-04 +2.047408888e+02 +2.047408888e+02 +8.6787e-01 +4.9744e-01
3419 +5.518761546e-04 +5.518761546e-04 +2.047405519e+02 +2.047405519e+02 +8.6787e-01 +4.9744e-01
3619 +3.821689211e-04 +3.821689211e-04 +2.047403822e+02 +2.047403822e+02 +8.6787e-01 +4.9744e-01
4027 +1.085759066e-04 +1.085759066e-04 +2.047401086e+02 +2.047401086e+02 +4.6237e-01 +5.2503e-02
4340 +9.246101834e-05 +9.246101834e-05 +2.047400925e+02 +2.047400925e+02 +8.6787e-01 +4.9744e-01
4460 +4.332888045e-05 +4.332888045e-05 +2.047400433e+02 +2.047400433e+02 +8.6787e-01 +4.9744e-01
4559 +3.966419501e-05 +3.966419501e-05 +2.047400397e+02 +2.047400397e+02 +8.6787e-01 +4.9744e-01
4620 +7.901339814e-06 +7.901339814e-06 +2.047400079e+02 +2.047400079e+02 +8.6787e-01 +4.9744e-01
5177 +4.221951428e-06 +4.221951428e-06 +2.047400042e+02 +2.047400042e+02 +8.6787e-01 +4.9744e-01
5179 +2.674317784e-06 +2.674317784e-06 +2.047400027e+02 +2.047400027e+02 +8.6787e-01 +4.9744e-01
5860 +2.412318338e-06 +2.412318338e-06 +2.047400024e+02 +2.047400024e+02 +8.6787e-01 +4.9744e-01
6100 +1.572996666e-06 +1.572996666e-06 +2.047400016e+02 +2.047400016e+02 +8.6787e-01 +4.9744e-01
6319 +9.488799435e-07 +9.488799435e-07 +2.047400009e+02 +2.047400009e+02 +8.6787e-01 +4.9744e-01
6404 +3.175775021e-07 +3.175775021e-07 +2.047400003e+02 +2.047400003e+02 +4.6237e-01 +5.2503e-02
6525 +1.762092268e-07 +1.762092268e-07 +2.047400002e+02 +2.047400002e+02 +4.6237e-01 +5.2503e-02
6986 +1.417710109e-07 +1.417710109e-07 +2.047400001e+02 +2.047400001e+02 +4.6237e-01 +5.2503e-02
7027 +9.302635817e-08 +9.302635817e-08 +2.047400001e+02 +2.047400001e+02 +4.6237e-01 +5.2503e-02
7143 +3.558099593e-08 +3.558099593e-08 +2.047400000e+02 +2.047400000e+02 +4.6237e-01 +5.2503e-02
7307 +2.211734795e-08 +2.211734795e-08 +2.047400000e+02 +2.047400000e+02 +4.6237e-01 +5.2503e-02
7427 +1.407479999e-08 +1.407479999e-08 +2.047400000e+02 +2.047400000e+02 +4.6237e-01 +5.2503e-02
7446 +9.442999271e-09 +9.442999271e-09 +2.047400000e+02 +2.047400000e+02 +4.6237e-01 +5.2503e-02
7627 +4.447457513e-09 +4.447457513e-09 +2.047400000e+02 +2.047400000e+02 +4.6237e-01 +5.2503e-02
7727 +2.260236442e-09 +2.260236442e-09 +2.047400000e+02 +2.047400000e+02 +4.6237e-01 +5.2503e-02
7977 +1.390532134e-09 +1.390532134e-09 +2.047400000e+02 +2.047400000e+02 +8.6787e-01 +4.9744e-01
8347 +4.033040568e-10 +4.033040568e-10 +2.047400000e+02 +2.047400000e+02 +4.6237e-01 +5.2503e-02
8417 +3.847446806e-10 +3.847446806e-10 +2.047400000e+02 +2.047400000e+02 +8.6787e-01 +4.9744e-01
8519 +1.459738996e-10 +1.459738996e-10 +2.047400000e+02 +2.047400000e+02 +8.6787e-01 +4.9744e-01
8940 +9.401901480e-11 +9.401901480e-11 +2.047400000e+02 +2.047400000e+02 +8.6787e-01 +4.9744e-01
9368 +6.184563972e-11 +6.184563972e-11 +2.047400000e+02 +2.047400000e+02 +4.6237e-01 +5.2503e-02
9604 +3.092281986e-11 +3.092281986e-11 +2.047400000e+02 +2.047400000e+02 +4.6237e-01 +5.2503e-02
9788 +8.668621376e-12 +8.668621376e-12 +2.047400000e+02 +2.047400000e+02 +4.6237e-01 +5.2503e-02
% function evaluation | noise-free fitness - Fopt (-3.887700000000e+02) | best noise-free fitness - Fopt | measured fitness | best measured fitness | x1 | x2...
1 +4.203593744e+01 +4.203593744e+01 -3.467340626e+02 -3.467340626e+02 +5.6166e-01 +3.4023e-02
2 +1.914314473e+01 +1.914314473e+01 -3.696268553e+02 -3.696268553e+02 +4.1697e-01 +2.2419e-01
14 +9.662365785e+00 +9.662365785e+00 -3.791076342e+02 -3.791076342e+02 +3.4716e-01 +5.4403e-01
86 +5.307489259e+00 +5.307489259e+00 -3.834625107e+02 -3.834625107e+02 +2.6339e-01 +5.8918e-01
87 +3.640721796e+00 +3.640721796e+00 -3.851292782e+02 -3.851292782e+02 +1.9272e-01 +6.5229e-01
677 +9.078578565e-01 +9.078578565e-01 -3.878621421e+02 -3.878621421e+02 +4.6522e-01 +9.7511e-01
1092 +2.987852581e-01 +2.987852581e-01 -3.884712147e+02 -3.884712147e+02 +5.5841e-01 +9.0974e-01
1318 +1.717941257e-01 +1.717941257e-01 -3.885982059e+02 -3.885982059e+02 +4.6084e-01 +9.7607e-01
1574 +1.460061824e-01 +1.460061824e-01 -3.886239938e+02 -3.886239938e+02 +5.5861e-01 +9.0988e-01
1631 +6.246807210e-02 +6.246807210e-02 -3.887075319e+02 -3.887075319e+02 +5.5920e-01 +9.0971e-01
1732 +3.408158767e-02 +3.408158767e-02 -3.887359184e+02 -3.887359184e+02 +5.5900e-01 +9.0978e-01
1934 +1.145592117e-02 +1.145592117e-02 -3.887585441e+02 -3.887585441e+02 +5.5901e-01 +9.0977e-01
2174 +6.979311820e-03 +6.979311820e-03 -3.887630207e+02 -3.887630207e+02 +5.5901e-01 +9.0976e-01
2273 +5.435961740e-03 +5.435961740e-03 -3.887645640e+02 -3.887645640e+02 +5.5902e-01 +9.0976e-01
2554 +3.618368377e-03 +3.618368377e-03 -3.887663816e+02 -3.887663816e+02 +5.5902e-01 +9.0976e-01
2733 +1.862625266e-03 +1.862625266e-03 -3.887681374e+02 -3.887681374e+02 +5.5903e-01 +9.0976e-01
2894 +1.568164208e-03 +1.568164208e-03 -3.887684318e+02 -3.887684318e+02 +5.5903e-01 +9.0976e-01
2972 +7.386672482e-04 +7.386672482e-04 -3.887692613e+02 -3.887692613e+02 +5.5903e-01 +9.0976e-01
2992 +3.040550114e-04 +3.040550114e-04 -3.887696959e+02 -3.887696959e+02 +5.5903e-01 +9.0976e-01
3032 +1.372930711e-04 +1.372930711e-04 -3.887698627e+02 -3.887698627e+02 +5.5903e-01 +9.0976e-01
3230 +8.597930940e-05 +8.597930940e-05 -3.887699140e+02 -3.887699140e+02 +5.5903e-01 +9.0976e-01
3530 +2.456675742e-05 +2.456675742e-05 -3.887699754e+02 -3.887699754e+02 +5.5903e-01 +9.0976e-01
3773 +9.286421516e-06 +9.286421516e-06 -3.887699907e+02 -3.887699907e+02 +5.5903e-01 +9.0976e-01
3813 +5.301523174e-06 +5.301523174e-06 -3.887699947e+02 -3.887699947e+02 +5.5903e-01 +9.0976e-01
4131 +2.872480593e-06 +2.872480593e-06 -3.887699971e+02 -3.887699971e+02 +5.5903e-01 +9.0976e-01
4571 +2.379615410e-06 +2.379615410e-06 -3.887699976e+02 -3.887699976e+02 +5.5903e-01 +9.0976e-01
4594 +9.167576422e-07 +9.167576422e-07 -3.887699991e+02 -3.887699991e+02 +5.5903e-01 +9.0976e-01
4634 +5.843876352e-07 +5.843876352e-07 -3.887699994e+02 -3.887699994e+02 +5.5903e-01 +9.0976e-01
4810 +3.321636086e-07 +3.321636086e-07 -3.887699997e+02 -3.887699997e+02 +5.5903e-01 +9.0976e-01
4890 +1.137949539e-07 +1.137949539e-07 -3.887699999e+02 -3.887699999e+02 +5.5903e-01 +9.0976e-01
4990 +5.680141157e-08 +5.680141157e-08 -3.887699999e+02 -3.887699999e+02 +5.5903e-01 +9.0976e-01
5190 +3.768781198e-08 +3.768781198e-08 -3.887700000e+02 -3.887700000e+02 +5.5903e-01 +9.0976e-01
5633 +1.115517989e-08 +1.115517989e-08 -3.887700000e+02 -3.887700000e+02 +5.5903e-01 +9.0976e-01
5934 +9.393488654e-09 +9.393488654e-09 -3.887700000e+02 -3.887700000e+02 +5.5903e-01 +9.0976e-01
5993 +2.442106961e-09 +2.442106961e-09 -3.887700000e+02 -3.887700000e+02 +5.5903e-01 +9.0976e-01
6033 +2.721662895e-10 +2.721662895e-10 -3.887700000e+02 -3.887700000e+02 +5.5903e-01 +9.0976e-01
6294 +1.979287845e-10 +1.979287845e-10 -3.887700000e+02 -3.887700000e+02 +5.5903e-01 +9.0976e-01
6514 +9.896439224e-11 +9.896439224e-11 -3.887700000e+02 -3.887700000e+02 +5.5903e-01 +9.0976e-01
6974 +5.320544005e-11 +5.320544005e-11 -3.887700000e+02 -3.887700000e+02 +5.5903e-01 +9.0976e-01
7033 +2.353317541e-11 +2.353317541e-11 -3.887700000e+02 -3.887700000e+02 +5.5903e-01 +9.0976e-01
7454 +1.114131010e-11 +1.114131010e-11 -3.887700000e+02 -3.887700000e+02 +5.5903e-01 +9.0976e-01
7594 +8.640199667e-12 +8.640199667e-12 -3.887700000e+02 -3.887700000e+02 +5.5903e-01 +9.0976e-01
7874 +6.195932656e-12 +6.195932656e-12 -3.887700000e+02 -3.887700000e+02 +5.5903e-01 +9.0976e-01
7954 +3.694822226e-12 +3.694822226e-12 -3.887700000e+02 -3.887700000e+02 +5.5903e-01 +9.0976e-01
7993 +2.501110430e-12 +2.501110430e-12 -3.887700000e+02 -3.887700000e+02 +5.5903e-01 +9.0976e-01
8033 +1.250555215e-12 +1.250555215e-12 -3.887700000e+02 -3.887700000e+02 +5.5903e-01 +9.0976e-01
8093 +0.000000000e+00 +0.000000000e+00 -3.887700000e+02 -3.887700000e+02 +5.5903e-01 +9.0976e-01
% function evaluation | noise-free fitness - Fopt (-1.918000000000e+01) | best noise-free fitness - Fopt | measured fitness | best measured fitness | x1 | x2...
1 +5.118659016e+01 +5.118659016e+01 +3.200659016e+01 +3.200659016e+01 +8.4266e-01 +9.7330e-01
7 +2.252399294e+01 +2.252399294e+01 +3.343992939e+00 +3.343992939e+00 +6.2950e-02 +9.4318e-01
16 +7.754785507e+00 +7.754785507e+00 -1.142521449e+01 -1.142521449e+01 +9.2089e-01 +3.1972e-01
21 +4.341815160e+00 +4.341815160e+00 -1.483818484e+01 -1.483818484e+01 +6.7138e-01 +8.2854e-01
56 +1.895350451e+00 +1.895350451e+00 -1.728464955e+01 -1.728464955e+01 +1.0000e+00 +5.6469e-01
218 +1.522034374e+00 +1.522034374e+00 -1.765796563e+01 -1.765796563e+01 +9.8978e-01 +5.5998e-01
478 +8.327978027e-01 +8.327978027e-01 -1.834720220e+01 -1.834720220e+01 +1.0000e+00 +5.6564e-01
678 +6.288995628e-01 +6.288995628e-01 -1.855110044e+01 -1.855110044e+01 +1.0000e+00 +5.6585e-01
758 +3.088401900e-01 +3.088401900e-01 -1.887115981e+01 -1.887115981e+01 +1.0000e+00 +5.6609e-01
1643 +1.281910806e-01 +1.281910806e-01 -1.905180892e+01 -1.905180892e+01 +6.9222e-01 +8.4301e-01
3061 +8.211681611e-02 +8.211681611e-02 -1.909788318e+01 -1.909788318e+01 +6.9204e-01 +8.4288e-01
4867 +5.454980186e-02 +5.454980186e-02 -1.912545020e+01 -1.912545020e+01 +1.1047e-02 +1.5825e-01
4928 +3.607925620e-02 +3.607925620e-02 -1.914392074e+01 -1.914392074e+01 +1.1066e-02 +1.5824e-01
5028 +2.103998240e-02 +2.103998240e-02 -1.915896002e+01 -1.915896002e+01 +1.1005e-02 +1.5821e-01
5750 +4.146403932e-03 +4.146403932e-03 -1.917585360e+01 -1.917585360e+01 +1.0910e-02 +1.5815e-01
6309 +3.497776864e-03 +3.497776864e-03 -1.917650222e+01 -1.917650222e+01 +1.0910e-02 +1.5815e-01
7673 +1.939414967e-03 +1.939414967e-03 -1.917806059e+01 -1.917806059e+01 +1.0900e-02 +1.5814e-01
7859 +1.354455966e-03 +1.354455966e-03 -1.917864554e+01 -1.917864554e+01 +1.0900e-02 +1.5814e-01
7912 +8.358498612e-04 +8.358498612e-04 -1.917916415e+01 -1.917916415e+01 +1.0897e-02 +1.5814e-01
8111 +1.749419863e-04 +1.749419863e-04 -1.917982506e+01 -1.917982506e+01 +1.0895e-02 +1.5814e-01
8182 +7.447234696e-05 +7.447234696e-05 -1.917992553e+01 -1.917992553e+01 +1.0895e-02 +1.5814e-01
8949 +5.661308689e-05 +5.661308689e-05 -1.917994339e+01 -1.917994339e+01 +1.0895e-02 +1.5814e-01
9071 +2.822222806e-05 +2.822222806e-05 -1.917997178e+01 -1.917997178e+01 +1.0895e-02 +1.5814e-01
9698 +1.840851442e-05 +1.840851442e-05 -1.917998159e+01 -1.917998159e+01 +1.0895e-02 +1.5814e-01
% function evaluation | noise-free fitness - Fopt (-3.724500000000e+02) | best noise-free fitness - Fopt | measured fitness | best measured fitness | x1 | x2...
1 +7.246789979e+01 +7.246789979e+01 -2.999821002e+02 -2.999821002e+02 +4.1938e-01 +2.8234e-01
3 +2.121218407e+01 +2.121218407e+01 -3.512378159e+02 -3.512378159e+02 +8.8357e-01 +5.5554e-01
7 +4.306110845e+00 +4.306110845e+00 -3.681438892e+02 -3.681438892e+02 +1.4044e-02 +5.0527e-01
25 +3.439621707e+00 +3.439621707e+00 -3.690103783e+02 -3.690103783e+02 +3.0996e-01 +5.8525e-01
43 +2.051928956e+00 +2.051928956e+00 -3.703980710e+02 -3.703980710e+02 +5.6026e-01 +3.8661e-01
469 +1.073981340e+00 +1.073981340e+00 -3.713760187e+02 -3.713760187e+02 +2.7973e-02 +7.2813e-01
1207 +9.679224660e-01 +9.679224660e-01 -3.714820775e+02 -3.714820775e+02 +2.7531e-02 +7.2709e-01
1549 +5.259357100e-01 +5.259357100e-01 -3.719240643e+02 -3.719240643e+02 +2.6389e-02 +7.3004e-01
1829 +2.392960337e-01 +2.392960337e-01 -3.722107040e+02 -3.722107040e+02 +2.6702e-02 +7.2977e-01
1849 +8.043359748e-02 +8.043359748e-02 -3.723695664e+02 -3.723695664e+02 +2.6650e-02 +7.3007e-01
2229 +5.122959469e-02 +5.122959469e-02 -3.723987704e+02 -3.723987704e+02 +2.6568e-02 +7.3036e-01
2647 +2.032520853e-02 +2.032520853e-02 -3.724296748e+02 -3.724296748e+02 +2.6547e-02 +7.3037e-01
2670 +1.401673036e-02 +1.401673036e-02 -3.724359833e+02 -3.724359833e+02 +2.6539e-02 +7.3038e-01
3207 +9.826777165e-03 +9.826777165e-03 -3.724401732e+02 -3.724401732e+02 +2.6552e-02 +7.3035e-01
6825 +6.291716344e-03 +6.291716344e-03 -3.724437083e+02 -3.724437083e+02 +2.6555e-02 +7.3034e-01
8011 +2.358121513e-03 +2.358121513e-03 -3.724476419e+02 -3.724476419e+02 +2.6564e-02 +7.3032e-01
8211 +1.223448967e-03 +1.223448967e-03 -3.724487766e+02 -3.724487766e+02 +2.6568e-02 +7.3031e-01
8473 +9.073141019e-04 +9.073141019e-04 -3.724490927e+02 -3.724490927e+02 +2.6571e-02 +7.3031e-01
8831 +2.711222417e-04 +2.711222417e-04 -3.724497289e+02 -3.724497289e+02 +2.6569e-02 +7.3031e-01
9110 +1.634960987e-04 +1.634960987e-04 -3.724498365e+02 -3.724498365e+02 +2.6569e-02 +7.3031e-01
9209 +1.149325310e-04 +1.149325310e-04 -3.724498851e+02 -3.724498851e+02 +2.6569e-02 +7.3031e-01
9510 +7.915251848e-05 +7.915251848e-05 -3.724499208e+02 -3.724499208e+02 +2.6569e-02 +7.3031e-01
9649 +4.497198961e-05 +4.497198961e-05 -3.724499550e+02 -3.724499550e+02 +2.6569e-02 +7.3031e-01
% function evaluation | noise-free fitness - Fopt (8.450000000000e+00) | best noise-free fitness - Fopt | measured fitness | best measured fitness | x1 | x2...
1 +6.990434479e+01 +6.990434479e+01 +7.835434479e+01 +7.835434479e+01 +9.0382e-02 +2.5573e-01
2 +5.353205014e+01 +5.353205014e+01 +6.198205014e+01 +6.198205014e+01 +4.5034e-01 +1.0082e-01
4 +2.872380255e+01 +2.872380255e+01 +3.717380255e+01 +3.717380255e+01 +2.4000e-01 +9.9331e-01
5 +2.278887225e+01 +2.278887225e+01 +3.123887225e+01 +3.123887225e+01 +9.0895e-01 +9.0881e-01
30 +3.158033897e+00 +3.158033897e+00 +1.160803390e+01 +1.160803390e+01 +6.4175e-01 +3.5653e-01
199 +1.648371087e+00 +1.648371087e+00 +1.009837109e+01 +1.009837109e+01 +3.4512e-01 +9.1961e-01
632 +7.265411316e-01 +7.265411316e-01 +9.176541132e+00 +9.176541132e+00 +6.3861e-01 +3.3608e-01
849 +3.176550921e-01 +3.176550921e-01 +8.767655092e+00 +8.767655092e+00 +6.3897e-01 +3.4172e-01
949 +1.786821309e-01 +1.786821309e-01 +8.628682131e+00 +8.628682131e+00 +6.3879e-01 +3.4037e-01
1550 +1.567880361e-01 +1.567880361e-01 +8.606788036e+00 +8.606788036e+00 +6.3866e-01 +3.3969e-01
1597 +8.501634943e-02 +8.501634943e-02 +8.535016349e+00 +8.535016349e+00 +3.4466e-01 +9.1140e-01
1809 +3.824563177e-02 +3.824563177e-02 +8.488245632e+00 +8.488245632e+00 +6.3861e-01 +3.3894e-01
2110 +2.393444557e-02 +2.393444557e-02 +8.473934446e+00 +8.473934446e+00 +6.3861e-01 +3.3902e-01
2190 +1.137505471e-02 +1.137505471e-02 +8.461375055e+00 +8.461375055e+00 +6.3860e-01 +3.3898e-01
2412 +6.909553213e-03 +6.909553213e-03 +8.456909553e+00 +8.456909553e+00 +6.3859e-01 +3.3888e-01
2469 +6.154913985e-03 +6.154913985e-03 +8.456154914e+00 +8.456154914e+00 +6.3859e-01 +3.3892e-01
2549 +2.727173226e-03 +2.727173226e-03 +8.452727173e+00 +8.452727173e+00 +6.3859e-01 +3.3892e-01
2632 +1.802803706e-03 +1.802803706e-03 +8.451802804e+00 +8.451802804e+00 +6.3859e-01 +3.3892e-01
2910 +1.324562267e-03 +1.324562267e-03 +8.451324562e+00 +8.451324562e+00 +6.3859e-01 +3.3892e-01
2949 +7.849732505e-04 +7.849732505e-04 +8.450784973e+00 +8.450784973e+00 +6.3859e-01 +3.3891e-01
2990 +5.559727251e-04 +5.559727251e-04 +8.450555973e+00 +8.450555973e+00 +6.3859e-01 +3.3892e-01
3012 +9.710787805e-05 +9.710787805e-05 +8.450097108e+00 +8.450097108e+00 +6.3859e-01 +3.3891e-01
3529 +5.581666388e-05 +5.581666388e-05 +8.450055817e+00 +8.450055817e+00 +6.3859e-01 +3.3891e-01
3609 +2.809513309e-05 +2.809513309e-05 +8.450028095e+00 +8.450028095e+00 +6.3859e-01 +3.3891e-01
3810 +6.834560130e-06 +6.834560130e-06 +8.450006835e+00 +8.450006835e+00 +6.3859e-01 +3.3891e-01
4132 +3.095139602e-06 +3.095139602e-06 +8.450003095e+00 +8.450003095e+00 +6.3859e-01 +3.3891e-01
4412 +2.209483489e-06 +2.209483489e-06 +8.450002209e+00 +8.450002209e+00 +6.3859e-01 +3.3891e-01
4789 +8.386099957e-07 +8.386099957e-07 +8.450000839e+00 +8.450000839e+00 +6.3859e-01 +3.3891e-01
5041 +3.926135665e-07 +3.926135665e-07 +8.450000393e+00 +8.450000393e+00 +3.4463e-01 +9.1103e-01
5570 +2.361515783e-07 +2.361515783e-07 +8.450000236e+00 +8.450000236e+00 +6.3859e-01 +3.3891e-01
5692 +1.531746783e-07 +1.531746783e-07 +8.450000153e+00 +8.450000153e+00 +6.3859e-01 +3.3891e-01
5899 +1.644017722e-08 +1.644017722e-08 +8.450000016e+00 +8.450000016e+00 +3.4463e-01 +9.1103e-01
6259 +1.045433962e-08 +1.045433962e-08 +8.450000010e+00 +8.450000010e+00 +3.4463e-01 +9.1103e-01
6619 +9.541958335e-09 +9.541958335e-09 +8.450000010e+00 +8.450000010e+00 +3.4463e-01 +9.1103e-01
6639 +3.118795888e-09 +3.118795888e-09 +8.450000003e+00 +8.450000003e+00 +3.4463e-01 +9.1103e-01
6939 +2.431573165e-09 +2.431573165e-09 +8.450000002e+00 +8.450000002e+00 +3.4463e-01 +9.1103e-01
7310 +1.095475710e-09 +1.095475710e-09 +8.450000001e+00 +8.450000001e+00 +6.3859e-01 +3.3891e-01
7370 +8.650609118e-10 +8.650609118e-10 +8.450000001e+00 +8.450000001e+00 +6.3859e-01 +3.3891e-01
7450 +3.958806616e-10 +3.958806616e-10 +8.450000000e+00 +8.450000000e+00 +6.3859e-01 +3.3891e-01
7910 +1.892797030e-10 +1.892797030e-10 +8.450000000e+00 +8.450000000e+00 +6.3859e-01 +3.3891e-01
7932 +1.311359910e-10 +1.311359910e-10 +8.450000000e+00 +8.450000000e+00 +6.3859e-01 +3.3891e-01
7969 +5.164935146e-11 +5.164935146e-11 +8.450000000e+00 +8.450000000e+00 +6.3859e-01 +3.3891e-01
7970 +2.876276994e-11 +2.876276994e-11 +8.450000000e+00 +8.450000000e+00 +6.3859e-01 +3.3891e-01
8490 +1.886668599e-11 +1.886668599e-11 +8.450000000e+00 +8.450000000e+00 +6.3859e-01 +3.3891e-01
8510 +5.876188425e-12 +5.876188425e-12 +8.450000000e+00 +8.450000000e+00 +6.3859e-01 +3.3891e-01
9119 +3.710809438e-12 +3.710809438e-12 +8.450000000e+00 +8.450000000e+00 +3.4463e-01 +9.1103e-01
9159 +1.238120717e-12 +1.238120717e-12 +8.450000000e+00 +8.450000000e+00 +3.4463e-01 +9.1103e-01
9259 +0.000000000e+00 +0.000000000e+00 +8.450000000e+00 +8.450000000e+00 +3.4463e-01 +9.1103e-01
% function evaluation | noise-free fitness - Fopt (1.184000000000e+01) | best noise-free fitness - Fopt | measured fitness | best measured fitness | x1 | x2...
1 +1.823062485e+01 +1.823062485e+01 +3.007062485e+01 +3.007062485e+01 +7.3136e-01 +7.0098e-01
9 +1.107004338e+01 +1.107004338e+01 +2.291004338e+01 +2.291004338e+01 +5.5979e-01 +9.1974e-01
10 +4.445943731e+00 +4.445943731e+00 +1.628594373e+01 +1.628594373e+01 +3.6653e-01 +7.3021e-01
277 +1.325660882e+00 +1.325660882e+00 +1.316566088e+01 +1.316566088e+01 +4.1319e-01 +5.9116e-01
593 +8.760357319e-01 +8.760357319e-01 +1.271603573e+01 +1.271603573e+01 +4.7646e-01 +4.2715e-01
750 +3.239497893e-01 +3.239497893e-01 +1.216394979e+01 +1.216394979e+01 +5.1013e-01 +7.2380e-01
2948 +1.532813892e-01 +1.532813892e-01 +1.199328139e+01 +1.199328139e+01 +5.0916e-01 +7.2526e-01
3606 +9.383997121e-02 +9.383997121e-02 +1.193383997e+01 +1.193383997e+01 +5.0919e-01 +7.2518e-01
3987 +2.450044312e-02 +2.450044312e-02 +1.186450044e+01 +1.186450044e+01 +5.0977e-01 +7.2446e-01
5364 +9.989093113e-03 +9.989093113e-03 +1.184998909e+01 +1.184998909e+01 +5.0966e-01 +7.2459e-01
5746 +5.969019833e-03 +5.969019833e-03 +1.184596902e+01 +1.184596902e+01 +5.0967e-01 +7.2458e-01
5886 +3.878503464e-03 +3.878503464e-03 +1.184387850e+01 +1.184387850e+01 +5.0967e-01 +7.2458e-01
5966 +2.158306254e-03 +2.158306254e-03 +1.184215831e+01 +1.184215831e+01 +5.0967e-01 +7.2459e-01
6486 +1.235193278e-03 +1.235193278e-03 +1.184123519e+01 +1.184123519e+01 +5.0967e-01 +7.2459e-01
6807 +7.129102970e-04 +7.129102970e-04 +1.184071291e+01 +1.184071291e+01 +5.0967e-01 +7.2459e-01
7747 +6.092121120e-04 +6.092121120e-04 +1.184060921e+01 +1.184060921e+01 +5.0967e-01 +7.2459e-01
9127 +2.145225488e-04 +2.145225488e-04 +1.184021452e+01 +1.184021452e+01 +5.0967e-01 +7.2458e-01
9712 +1.513103768e-04 +1.513103768e-04 +1.184015131e+01 +1.184015131e+01 +5.0967e-01 +7.2458e-01
9772 +9.329872219e-05 +9.329872219e-05 +1.184009330e+01 +1.184009330e+01 +5.0967e-01 +7.2458e-01
% function evaluation | noise-free fitness - Fopt (1.581200000000e+02) | best noise-free fitness - Fopt | measured fitness | best measured fitness | x1 | x2...
1 +5.424282842e+01 +5.424282842e+01 +2.123628284e+02 +2.123628284e+02 +9.4346e-01 +7.8673e-01
3 +1.524368420e+01 +1.524368420e+01 +1.733636842e+02 +1.733636842e+02 +7.7993e-01 +2.8777e-01
7 +2.111158483e+00 +2.111158483e+00 +1.602311585e+02 +1.602311585e+02 +4.0463e-01 +5.4337e-01
222 +9.268127250e-01 +9.268127250e-01 +1.590468127e+02 +1.590468127e+02 +8.3060e-01 +9.3684e-01
662 +5.914701630e-01 +5.914701630e-01 +1.587114702e+02 +1.587114702e+02 +8.3085e-01 +9.3620e-01
1142 +1.786693287e-01 +1.786693287e-01 +1.582986693e+02 +1.582986693e+02 +8.3332e-01 +9.3467e-01
1262 +8.084378941e-02 +8.084378941e-02 +1.582008438e+02 +1.582008438e+02 +8.3391e-01 +9.3437e-01
1320 +5.990324497e-02 +5.990324497e-02 +1.581799032e+02 +1.581799032e+02 +8.3398e-01 +9.3427e-01
1982 +3.600523125e-02 +3.600523125e-02 +1.581560052e+02 +1.581560052e+02 +8.3398e-01 +9.3430e-01
2242 +2.058741494e-02 +2.058741494e-02 +1.581405874e+02 +1.581405874e+02 +8.3398e-01 +9.3429e-01
2282 +1.205675785e-02 +1.205675785e-02 +1.581320568e+02 +1.581320568e+02 +8.3398e-01 +9.3429e-01
3182 +8.563714460e-03 +8.563714460e-03 +1.581285637e+02 +1.581285637e+02 +8.3396e-01 +9.3431e-01
3482 +6.200439355e-03 +6.200439355e-03 +1.581262004e+02 +1.581262004e+02 +8.3395e-01 +9.3432e-01
4239 +3.575891294e-03 +3.575891294e-03 +1.581235759e+02 +1.581235759e+02 +8.3394e-01 +9.3432e-01
4299 +3.295117191e-04 +3.295117191e-04 +1.581203295e+02 +1.581203295e+02 +8.3392e-01 +9.3433e-01
5400 +1.925347369e-04 +1.925347369e-04 +1.581201925e+02 +1.581201925e+02 +8.3392e-01 +9.3433e-01
5520 +8.918339981e-05 +8.918339981e-05 +1.581200892e+02 +1.581200892e+02 +8.3392e-01 +9.3433e-01
5700 +5.694466003e-05 +5.694466003e-05 +1.581200569e+02 +1.581200569e+02 +8.3392e-01 +9.3433e-01
5819 +3.898623001e-05 +3.898623001e-05 +1.581200390e+02 +1.581200390e+02 +8.3392e-01 +9.3433e-01
6138 +1.048441203e-05 +1.048441203e-05 +1.581200105e+02 +1.581200105e+02 +8.3392e-01 +9.3433e-01
6259 +8.730171032e-06 +8.730171032e-06 +1.581200087e+02 +1.581200087e+02 +8.3392e-01 +9.3433e-01
6479 +4.748606557e-07 +4.748606557e-07 +1.581200005e+02 +1.581200005e+02 +8.3392e-01 +9.3433e-01
7978 +2.835799364e-07 +2.835799364e-07 +1.581200003e+02 +1.581200003e+02 +8.3392e-01 +9.3433e-01
8119 +2.141511857e-07 +2.141511857e-07 +1.581200002e+02 +1.581200002e+02 +8.3392e-01 +9.3433e-01
% function evaluation | noise-free fitness - Fopt (-1.021200000000e+02) | best noise-free fitness - Fopt | measured fitness | best measured fitness | x1 | x2...
1 +6.103048701e+01 +6.103048701e+01 -4.108951299e+01 -4.108951299e+01 +3.0201e-01 +7.5982e-02
4 +3.175214172e+01 +3.175214172e+01 -7.036785828e+01 -7.036785828e+01 +5.0938e-01 +4.7424e-01
7 +1.081933823e+01 +1.081933823e+01 -9.130066177e+01 -9.130066177e+01 +6.8043e-01 +1.9337e-02
33 +8.229183557e+00 +8.229183557e+00 -9.389081644e+01 -9.389081644e+01 +4.4174e-01 +7.5349e-01
59 +6.173666262e+00 +6.173666262e+00 -9.594633374e+01 -9.594633374e+01 +1.1257e-01 +1.6945e-01
128 +3.075036109e+00 +3.075036109e+00 -9.904496389e+01 -9.904496389e+01 +4.4666e-01 +8.9288e-01
222 +1.925790650e+00 +1.925790650e+00 -1.001942093e+02 -1.001942093e+02 +2.3516e-01 +2.8734e-01
732 +1.356322731e+00 +1.356322731e+00 -1.007636773e+02 -1.007636773e+02 +4.9062e-01 +8.6077e-01
832 +8.453349380e-01 +8.453349380e-01 -1.012746651e+02 -1.012746651e+02 +4.8329e-01 +8.6523e-01
1760 +3.717762996e-01 +3.717762996e-01 -1.017482237e+02 -1.017482237e+02 +2.4038e-01 +2.8249e-01
2342 +2.308791738e-01 +2.308791738e-01 -1.018891208e+02 -1.018891208e+02 +2.4026e-01 +2.8230e-01
3011 +6.262075123e-02 +6.262075123e-02 -1.020573792e+02 -1.020573792e+02 +4.9237e-01 +8.5839e-01
3830 +1.369100248e-02 +1.369100248e-02 -1.021063090e+02 -1.021063090e+02 +4.9200e-01 +8.5867e-01
5134 +7.588830538e-03 +7.588830538e-03 -1.021124112e+02 -1.021124112e+02 +4.9201e-01 +8.5866e-01
5252 +5.815042900e-03 +5.815042900e-03 -1.021141850e+02 -1.021141850e+02 +4.9198e-01 +8.5869e-01
5372 +3.008386275e-03 +3.008386275e-03 -1.021169916e+02 -1.021169916e+02 +4.9198e-01 +8.5868e-01
5612 +2.187322859e-03 +2.187322859e-03 -1.021178127e+02 -1.021178127e+02 +4.9197e-01 +8.5869e-01
5630 +1.359162259e-03 +1.359162259e-03 -1.021186408e+02 -1.021186408e+02 +4.9198e-01 +8.5869e-01
6210 +4.534604767e-04 +4.534604767e-04 -1.021195465e+02 -1.021195465e+02 +4.9198e-01 +8.5869e-01
6412 +3.945729805e-04 +3.945729805e-04 -1.021196054e+02 -1.021196054e+02 +4.9197e-01 +8.5869e-01
6472 +1.275449021e-04 +1.275449021e-04 -1.021198725e+02 -1.021198725e+02 +4.9197e-01 +8.5869e-01
6912 +5.138345833e-05 +5.138345833e-05 -1.021199486e+02 -1.021199486e+02 +4.9197e-01 +8.5869e-01
6992 +3.735053835e-05 +3.735053835e-05 -1.021199626e+02 -1.021199626e+02 +4.9197e-01 +8.5869e-01
7491 +1.677309423e-05 +1.677309423e-05 -1.021199832e+02 -1.021199832e+02 +4.9197e-01 +8.5869e-01
7852 +6.069622955e-06 +6.069622955e-06 -1.021199939e+02 -1.021199939e+02 +4.9197e-01 +8.5869e-01
7951 +2.903532902e-06 +2.903532902e-06 -1.021199971e+02 -1.021199971e+02 +4.9197e-01 +8.5869e-01
8051 +2.296581457e-06 +2.296581457e-06 -1.021199977e+02 -1.021199977e+02 +4.9197e-01 +8.5869e-01
8371 +1.026165322e-06 +1.026165322e-06 -1.021199990e+02 -1.021199990e+02 +4.9197e-01 +8.5869e-01
8611 +5.242805230e-07 +5.242805230e-07 -1.021199995e+02 -1.021199995e+02 +4.9197e-01 +8.5869e-01
8914 +1.653075827e-07 +1.653075827e-07 -1.021199998e+02 -1.021199998e+02 +4.9197e-01 +8.5869e-01
9154 +1.249725443e-07 +1.249725443e-07 -1.021199999e+02 -1.021199999e+02 +4.9197e-01 +8.5869e-01
9930 +9.880989182e-08 +9.880989182e-08 -1.021199999e+02 -1.021199999e+02 +4.9197e-01 +8.5869e-01
% function evaluation | noise-free fitness - Fopt (-8.798000000000e+01) | best noise-free fitness - Fopt | measured fitness | best measured fitness | x1 | x2...
1 +1.982839721e+01 +1.982839721e+01 -6.815160279e+01 -6.815160279e+01 +6.5189e-01 +4.2166e-01
10 +1.015521776e+01 +1.015521776e+01 -7.782478224e+01 -7.782478224e+01 +8.5070e-02 +4.5114e-01
21 +9.783761364e+00 +9.783761364e+00 -7.819623864e+01 -7.819623864e+01 +3.4627e-01 +1.5187e-01
53 +4.284371524e+00 +4.284371524e+00 -8.369562848e+01 -8.369562848e+01 +5.6312e-01 +1.8380e-01
99 +2.740885915e+00 +2.740885915e+00 -8.523911408e+01 -8.523911408e+01 +6.9726e-01 +9.1795e-01
325 +1.082653738e+00 +1.082653738e+00 -8.689734626e+01 -8.689734626e+01 +3.5749e-01 +4.1709e-01
713 +6.993221047e-01 +6.993221047e-01 -8.728067790e+01 -8.728067790e+01 +5.6051e-01 +1.4553e-01
1293 +5.026102828e-01 +5.026102828e-01 -8.747738972e+01 -8.747738972e+01 +5.6060e-01 +1.4568e-01
1311 +1.581549599e-01 +1.581549599e-01 -8.782184504e+01 -8.782184504e+01 +5.6084e-01 +1.5083e-01
1493 +9.059993899e-02 +9.059993899e-02 -8.788940006e+01 -8.788940006e+01 +5.6088e-01 +1.5178e-01
1633 +5.453295760e-02 +5.453295760e-02 -8.792546704e+01 -8.792546704e+01 +5.6082e-01 +1.5105e-01
1893 +1.283381060e-02 +1.283381060e-02 -8.796716619e+01 -8.796716619e+01 +5.6084e-01 +1.5145e-01
2433 +5.449384166e-03 +5.449384166e-03 -8.797455062e+01 -8.797455062e+01 +5.6083e-01 +1.5149e-01
2811 +2.090584803e-03 +2.090584803e-03 -8.797790942e+01 -8.797790942e+01 +5.6084e-01 +1.5149e-01
2831 +1.427374791e-03 +1.427374791e-03 -8.797857263e+01 -8.797857263e+01 +5.6084e-01 +1.5151e-01
3053 +8.875645666e-04 +8.875645666e-04 -8.797911244e+01 -8.797911244e+01 +5.6084e-01 +1.5150e-01
3091 +6.073923330e-04 +6.073923330e-04 -8.797939261e+01 -8.797939261e+01 +5.6084e-01 +1.5150e-01
3131 +3.663820022e-04 +3.663820022e-04 -8.797963362e+01 -8.797963362e+01 +5.6084e-01 +1.5150e-01
3331 +1.748164036e-04 +1.748164036e-04 -8.797982518e+01 -8.797982518e+01 +5.6084e-01 +1.5150e-01
3511 +1.354758033e-04 +1.354758033e-04 -8.797986452e+01 -8.797986452e+01 +5.6084e-01 +1.5150e-01
3791 +4.658693493e-05 +4.658693493e-05 -8.797995341e+01 -8.797995341e+01 +5.6084e-01 +1.5150e-01
3891 +2.987918107e-05 +2.987918107e-05 -8.797997012e+01 -8.797997012e+01 +5.6084e-01 +1.5150e-01
3951 +1.778975586e-05 +1.778975586e-05 -8.797998221e+01 -8.797998221e+01 +5.6084e-01 +1.5150e-01
3991 +1.470219743e-06 +1.470219743e-06 -8.797999853e+01 -8.797999853e+01 +5.6084e-01 +1.5150e-01
4613 +8.444343820e-07 +8.444343820e-07 -8.797999916e+01 -8.797999916e+01 +5.6084e-01 +1.5150e-01
4833 +5.801175575e-07 +5.801175575e-07 -8.797999942e+01 -8.797999942e+01 +5.6084e-01 +1.5150e-01
4970 +1.319813663e-07 +1.319813663e-07 -8.797999987e+01 -8.797999987e+01 +5.6084e-01 +1.5150e-01
5530 +3.664678161e-08 +3.664678161e-08 -8.797999996e+01 -8.797999996e+01 +5.6084e-01 +1.5150e-01
5930 +2.378251907e-08 +2.378251907e-08 -8.797999998e+01 -8.797999998e+01 +5.6084e-01 +1.5150e-01
6035 +1.161414787e-08 +1.161414787e-08 -8.797999999e+01 -8.797999999e+01 +5.6084e-01 +1.5150e-01
6110 +6.356970061e-09 +6.356970061e-09 -8.797999999e+01 -8.797999999e+01 +5.6084e-01 +1.5150e-01
6170 +6.097792493e-09 +6.097792493e-09 -8.797999999e+01 -8.797999999e+01 +5.6084e-01 +1.5150e-01
6271 +3.143540539e-09 +3.143540539e-09 -8.798000000e+01 -8.798000000e+01 +5.6084e-01 +1.5150e-01
6331 +7.373301969e-10 +7.373301969e-10 -8.798000000e+01 -8.798000000e+01 +5.6084e-01 +1.5150e-01
6850 +4.169180556e-10 +4.169180556e-10 -8.798000000e+01 -8.798000000e+01 +5.6084e-01 +1.5150e-01
7073 +3.142304195e-10 +3.142304195e-10 -8.798000000e+01 -8.798000000e+01 +5.6084e-01 +1.5150e-01
7210 +2.362838813e-10 +2.362838813e-10 -8.798000000e+01 -8.798000000e+01 +5.6084e-01 +1.5150e-01
7213 +8.536460427e-11 +8.536460427e-11 -8.798000000e+01 -8.798000000e+01 +5.6084e-01 +1.5150e-01
7673 +4.453681868e-11 +4.453681868e-11 -8.798000000e+01 -8.798000000e+01 +5.6084e-01 +1.5150e-01
8010 +1.855937626e-11 +1.855937626e-11 -8.798000000e+01 -8.798000000e+01 +5.6084e-01 +1.5150e-01
8490 +1.546140993e-11 +1.546140993e-11 -8.798000000e+01 -8.798000000e+01 +5.6084e-01 +1.5150e-01
8570 +6.181721801e-12 +6.181721801e-12 -8.798000000e+01 -8.798000000e+01 +5.6084e-01 +1.5150e-01
8810 +2.472688720e-12 +2.472688720e-12 -8.798000000e+01 -8.798000000e+01 +5.6084e-01 +1.5150e-01
8870 +0.000000000e+00 +0.000000000e+00 -8.798000000e+01 -8.798000000e+01 +5.6084e-01 +1.5150e-01
