% function evaluation | noise-free fitness - Fopt (-1.694000000000e+01) | best noise-free fitness - Fopt | measured fitness | best measured fitness | x1 | x2...
1 +1.639643176e+02 +1.639643176e+02 +1.470243176e+02 +1.470243176e+02 +7.3176e-01 +1.4394e-01 +4.6455e-01 +4.0130e-01 +9.8155e-01 +8.3905e-01 +8.9806e-01 +7.3317e-01 +8.5369e-01 +9.6311e-01 +3.5231e-01 +5.5715e-01 +7.0970e-01 +6.0902e-01 +3.1562e-01 +6.8222e-01 +2.0606e-01 +1.7160e-01 +3.2357e-01 +6.7051e-01
2 +1.360697233e+02 +1.360697233e+02 +1.191297233e+02 +1.191297233e+02 +3.0475e-01 +6.9218e-02 +2.5640e-01 +7.6168e-01 +6.3390e-01 +1.7139e-01 +4.9424e-01 +5.6607e-01 +6.3270e-01 +1.7521e-01 +3.5580e-01 +8.2583e-01 +6.4689e-01 +2.0030e-01 +9.9195e-01 +6.2255e-01 +9.1825e-01 +2.7470e-01 +8.7029e-01 +1.9793e-01
31 +9.620168716e+01 +9.620168716e+01 +7.926168716e+01 +7.926168716e+01 +7.6085e-01 +6.9404e-01 +2.6866e-01 +6.4013e-01 +7.1180e-01 +1.0000e+00 +9.2223e-01 +5.1887e-01 +3.3106e-01 +3.3894e-01 +7.3452e-01 +7.5664e-02 +3.0819e-01 +3.3716e-01 +6.7618e-01 +2.1151e-01 +1.7199e-01 +4.6009e-01 +2.9408e-01 +1.0000e+00
730 +6.238749406e+01 +6.238749406e+01 +4.544749406e+01 +4.544749406e+01 +9.9103e-01 +6.5956e-01 +1.5387e-01 +5.4424e-01 +7.1109e-01 +8.3471e-01 +9.9121e-01 +4.4032e-01 +6.8575e-01 +2.9881e-01 +4.4889e-01 +8.7423e-01 +3.0569e-02 +5.9337e-02 +8.0922e-01 +9.9560e-01 +0.0000e+00 +5.2305e-01 +2.1164e-01 +8.9846e-01
% function evaluation | noise-free fitness - Fopt (1.881000000000e+01) | best noise-free fitness - Fopt | measured fitness | best measured fitness | x1 | x2...
1 +4.961616794e+01 +4.961616794e+01 +6.842616794e+01 +6.842616794e+01 +7.6341e-01 +9.6566e-01 +3.0877e-01 +4.3552e-01 +7.6234e-02 +3.3135e-02 +2.2344e-02 +4.2674e-01 +5.2722e-01 +9.6276e-01 +6.7273e-01 +6.7903e-01 +9.9024e-01 +7.3280e-01 +7.0529e-01 +7.8684e-01 +3.3605e-01 +4.7492e-01 +5.4938e-01 +9.2440e-01
37 +3.831378480e+01 +3.831378480e+01 +5.712378480e+01 +5.712378480e+01 +5.6389e-01 +9.7327e-01 +9.8180e-02 +0.0000e+00 +6.1719e-01 +1.3961e-01 +8.7750e-01 +9.1165e-01 +5.3996e-01 +4.0570e-01 +9.6675e-01 +7.8055e-01 +5.6101e-01 +5.3804e-01 +5.0834e-01 +2.4755e-01 +4.2635e-01 +7.8240e-01 +2.2919e-01 +7.7443e-01
1302 +2.504205917e+01 +2.504205917e+01 +4.385205917e+01 +4.385205917e+01 +5.9847e-02 +2.7755e-02 +3.3072e-01 +3.8925e-01 +5.6326e-01 +4.2868e-01 +1.0000e+00 +9.7455e-01 +2.2299e-01 +5.1790e-01 +4.5359e-01 +4.5622e-01 +2.6840e-01 +4.1365e-01 +3.4014e-01 +7.5299e-03 +1.0000e+00 +9.9999e-01 +1.7900e-01 +6.9515e-01
% function evaluation | noise-free fitness - Fopt (2.731500000000e+02) | best noise-free fitness - Fopt | measured fitness | best measured fitness | x1 | x2...
1 +1.939473790e+02 +1.939473790e+02 +4.670973790e+02 +4.670973790e+02 +1.0431e-03 +9.9926e-01 +9.4382e-01 +6.3859e-03 +1.8649e-01 +9.9802e-01 +3.7993e-01 +6.3851e-01 +6.4395e-02 +7.7827e-01 +5.6100e-01 +9.7527e-01 +4.5885e-01 +5.4867e-01 +7.2375e-01 +2.1891e-01 +7.4603e-01 +1.8114e-01 +8.9852e-01 +6.6070e-01
25 +1.468502855e+02 +1.468502855e+02 +4.200002855e+02 +4.200002855e+02 +4.3985e-01 +2.2569e-01 +1.9544e-01 +1.3077e-01 +4.5951e-01 +8.4199e-02 +4.1213e-01 +5.9076e-01 +4.8464e-02 +6.4225e-01 +1.0000e+00 +7.2448e-01 +4.4638e-01 +9.5722e-01 +7.4913e-01 +3.2420e-01 +5.8272e-01 +8.7599e-01 +7.0279e-01 +3.4646e-01
2715 +9.975163751e+01 +9.975163751e+01 +3.729016375e+02 +3.729016375e+02 +3.8679e-05 +6.7994e-01 +9.6439e-01 +0.0000e+00 +8.3974e-01 +9.2466e-04 +1.5065e-01 +1.0000e+00 +2.5990e-01 +1.0000e+00 +9.6334e-01 +1.0000e+00 +4.9576e-01 +1.1056e-01 +5.6511e-03 +0.0000e+00 +9.4033e-01 +9.1247e-01 +7.4295e-02 +1.0000e+00
% function evaluation | noise-free fitness - Fopt (3.718000000000e+01) | best noise-free fitness - Fopt | measured fitness | best measured fitness | x1 | x2...
1 +3.439391829e+01 +3.439391829e+01 +7.157391829e+01 +7.157391829e+01 +8.0365e-02 +7.3707e-01 +7.8999e-01 +5.9585e-01 +2.7567e-01 +2.5234e-01 +7.2263e-01 +1.7768e-01 +8.0730e-01 +3.5115e-01 +6.6822e-01 +5.5642e-01 +4.9312e-01 +4.6107e-01 +1.4761e-01 +5.3675e-01 +2.9393e-01 +6.0669e-01 +1.3200e-01 +7.2120e-01
1272 +2.510305196e+01 +2.510305196e+01 +6.228305196e+01 +6.228305196e+01 +2.8674e-01 +6.8267e-01 +6.1950e-01 +1.2856e-01 +0.0000e+00 +3.4542e-01 +2.3090e-02 +7.3579e-01 +4.6576e-01 +5.0546e-01 +3.3327e-01 +5.2685e-01 +1.9753e-01 +6.1226e-02 +4.0756e-01 +8.7707e-01 +9.4529e-01 +6.4480e-02 +2.1681e-01 +4.6346e-01
% function evaluation | noise-free fitness - Fopt (-1.479000000000e+02) | best noise-free fitness - Fopt | measured fitness | best measured fitness | x1 | x2...
1 +6.283497454e+01 +6.283497454e+01 -8.506502546e+01 -8.506502546e+01 +4.8511e-01 +9.9181e-01 +5.5541e-01 +6.1264e-01 +7.8503e-01 +4.9197e-01 +2.8283e-01 +9.0064e-01 +2.8110e-01 +9.3915e-01 +6.8012e-02 +4.2116e-01 +1.2418e-01 +4.3803e-01 +4.4134e-01 +9.1941e-01 +4.1264e-01 +9.2665e-01 +3.2305e-01 +8.1480e-01
213 +3.651356042e+01 +3.651356042e+01 -1.113864396e+02 -1.113864396e+02 +4.9731e-01 +1.4799e-01 +2.2169e-02 +5.6537e-01 +2.7125e-01 +7.0929e-01 +6.3405e-01 +4.1204e-01 +7.8473e-01 +1.6330e-02 +3.0070e-01 +9.3479e-01 +8.2993e-01 +8.4606e-01 +2.0064e-01 +1.4996e-01 +2.9461e-01 +3.1833e-01 +4.2897e-01 +0.0000e+00
% function evaluation | noise-free fitness - Fopt (1.162600000000e+02) | best noise-free fitness - Fopt | measured fitness | best measured fitness | x1 | x2...
1 +7.822944570e+01 +7.822944570e+01 +1.944894457e+02 +1.944894457e+02 +8.6048e-01 +5.4742e-01 +6.4748e-01 +2.1835e-01 +5.9068e-01 +8.4409e-01 +7.2701e-01 +2.8645e-01 +4.2425e-01 +4.8475e-01 +2.3586e-01 +9.0021e-01 +6.0411e-01 +1.5690e-01 +8.6127e-01 +3.6974e-01 +7.4145e-01 +6.4655e-02 +7.7144e-01 +6.8845e-01
3 +6.105732696e+01 +6.105732696e+01 +1.773173270e+02 +1.773173270e+02 +9.3301e-01 +8.0507e-01 +4.6835e-01 +4.4254e-01 +1.9010e-03 +9.7505e-01 +5.3576e-01 +4.4458e-01 +5.4562e-01 +7.2807e-01 +7.2875e-01 +5.1719e-01 +4.3434e-01 +4.8922e-01 +9.4933e-01 +1.5227e-01 +9.8182e-02 +3.7717e-01 +7.0876e-01 +1.1698e-01
104 +3.764747047e+01 +3.764747047e+01 +1.539074705e+02 +1.539074705e+02 +4.8481e-01 +1.0408e-01 +6.8522e-01 +4.7545e-01 +2.0983e-01 +1.5653e-01 +6.0074e-01 +9.7670e-01 +0.0000e+00 +0.0000e+00 +0.0000e+00 +1.5168e-01 +7.5723e-01 +3.8263e-01 +2.2090e-01 +1.0000e+00 +1.0000e+00 +1.9717e-01 +2.9470e-01 +1.3135e-01
% function evaluation | noise-free fitness - Fopt (-1.000000000000e+03) | best noise-free fitness - Fopt | measured fitness | best measured fitness | x1 | x2...
1 +6.236977199e+01 +6.236977199e+01 -9.376302280e+02 -9.376302280e+02 +3.6536e-01 +7.4723e-01 +9.0156e-01 +6.1092e-01 +5.0002e-01 +2.3593e-02 +5.9138e-01 +8.6965e-01 +8.5635e-01 +4.6088e-01 +1.9613e-01 +5.2885e-01 +4.5208e-01 +3.3817e-01 +9.6808e-01 +9.7039e-01 +4.1568e-01 +6.5167e-02 +1.4765e-01 +7.2583e-02
100 +3.866947820e+01 +3.866947820e+01 -9.613305218e+02 -9.613305218e+02 +1.6659e-01 +1.0000e+00 +5.8614e-01 +8.6626e-01 +6.9548e-01 +4.6136e-01 +5.1623e-01 +6.5093e-01 +5.6216e-01 +7.7534e-01 +5.5854e-01 +1.2966e-01 +3.7029e-01 +3.7478e-01 +9.0527e-01 +1.0267e-01 +7.7863e-01 +3.3207e-01 +1.9121e-01 +4.6387e-01
% function evaluation | noise-free fitness - Fopt (-9.193000000000e+01) | best noise-free fitness - Fopt | measured fitness | best measured fitness | x1 | x2...
1 +9.558040186e+01 +9.558040186e+01 +3.650401860e+00 +3.650401860e+00 +8.6932e-01 +1.3162e-01 +8.0954e-02 +4.8353e-01 +4.5741e-01 +4.5261e-01 +7.9747e-01 +8.2404e-01 +3.6721e-01 +4.9776e-01 +5.4203e-01 +2.4462e-01 +9.4595e-01 +8.7090e-01 +4.7982e-01 +6.6675e-01 +7.5229e-02 +8.9672e-01 +4.6900e-01 +4.0444e-01
321 +6.013895930e+01 +6.013895930e+01 -3.179104070e+01 -3.179104070e+01 +2.6513e-01 +9.8106e-02 +7.1465e-01 +1.0000e+00 +7.4606e-02 +9.7251e-01 +9.2834e-02 +8.2812e-01 +6.0884e-01 +0.0000e+00 +8.6077e-01 +6.9752e-01 +0.0000e+00 +6.2230e-01 +5.2253e-01 +2.8243e-01 +0.0000e+00 +1.0000e+00 +3.4116e-01 +6.2435e-01
% function evaluation | noise-free fitness - Fopt (1.487500000000e+02) | best noise-free fitness - Fopt | measured fitness | best measured fitness | x1 | x2...
1 +7.501552146e+01 +7.501552146e+01 +2.237655215e+02 +2.237655215e+02 +1.2807e-01 +1.6700e-01 +2.4938e-01 +9.9161e-01 +3.6569e-03 +3.9784e-02 +5.8173e-01 +5.0019e-01 +8.4400e-01 +7.6392e-01 +4.1793e-01 +5.3016e-01 +4.3072e-01 +2.7056e-01 +2.1124e-01 +5.8823e-01 +6.1133e-01 +4.3506e-01 +2.8318e-01 +4.3940e-01
34 +6.110186918e+01 +6.110186918e+01 +2.098518692e+02 +2.098518692e+02 +4.6657e-01 +9.4433e-01 +1.0000e+00 +2.0991e-01 +0.0000e+00 +3.1434e-01 +2.9412e-02 +7.0205e-01 +4.3560e-01 +5.3121e-01 +3.9911e-01 +1.9612e-01 +3.3964e-01 +3.4759e-01 +7.6321e-01 +4.4333e-01 +3.2608e-01 +4.9851e-01 +1.0591e-02 +4.1861e-01
785 +3.957844618e+01 +3.957844618e+01 +1.883284462e+02 +1.883284462e+02 +9.7418e-01 +0.0000e+00 +8.0113e-01 +9.9987e-01 +1.0547e-01 +9.0091e-01 +7.4746e-01 +1.8801e-01 +3.5495e-01 +7.6557e-01 +9.9301e-01 +4.6753e-02 +1.0000e+00 +0.0000e+00 +2.6945e-02 +3.2739e-01 +9.4446e-01 +9.9006e-03 +5.1404e-01 +2.7068e-01
% function evaluation | noise-free fitness - Fopt (-1.483000000000e+02) | best noise-free fitness - Fopt | measured fitness | best measured fitness | x1 | x2...
1 +7.814761131e+01 +7.814761131e+01 -7.015238869e+01 -7.015238869e+01 +9.6307e-02 +1.9729e-01 +3.9776e-01 +1.1828e-01 +8.9326e-01 +4.1191e-01 +1.9213e-01 +6.6960e-01 +7.9899e-01 +2.0184e-01 +5.7461e-01 +9.8745e-01 +2.3873e-02 +9.9537e-01 +5.6004e-01 +4.4924e-02 +8.8500e-01 +4.5598e-01 +2.9261e-01 +8.3174e-01
3 +5.398050171e+01 +5.398050171e+01 -9.431949829e+01 -9.431949829e+01 +1.6563e-01 +4.7015e-01 +4.9276e-02 +5.7496e-01 +5.8778e-01 +9.8514e-01 +5.6029e-01 +2.4104e-01 +9.3561e-01 +7.1373e-01 +3.6678e-01 +2.4141e-01 +5.6417e-01 +2.7753e-01 +5.1942e-03 +6.8785e-01 +5.9718e-01 +4.5073e-01 +9.4735e-01 +8.3985e-01
398 +3.871661992e+01 +3.871661992e+01 -1.095833801e+02 -1.095833801e+02 +4.1050e-01 +5.1154e-01 +5.2566e-02 +1.5995e-01 +5.3958e-01 +1.5792e-01 +2.5221e-01 +6.7471e-01 +5.6540e-01 +9.1908e-01 +4.1525e-01 +8.4062e-01 +8.2344e-01 +6.0920e-02 +6.4508e-01 +4.4823e-01 +4.9709e-01 +5.6748e-01 +9.8165e-01 +4.2452e-01
% function evaluation | noise-free fitness - Fopt (1.702000000000e+01) | best noise-free fitness - Fopt | measured fitness | best measured fitness | x1 | x2...
1 +8.367469107e+01 +8.367469107e+01 +1.006946911e+02 +1.006946911e+02 +1.7316e-01 +7.1142e-01 +5.6742e-01 +1.9569e-01 +9.3362e-01 +6.3450e-02 +6.1369e-01 +2.9705e-01 +6.9037e-01 +1.0817e-03 +8.0709e-01 +7.4032e-01 +1.3546e-01 +8.9605e-01 +3.3192e-01 +8.9890e-02 +8.5604e-01 +2.4700e-01 +1.3244e-01 +5.4446e-01
3 +6.044631431e+01 +6.044631431e+01 +7.746631431e+01 +7.746631431e+01 +4.2538e-01 +7.7160e-01 +5.9711e-02 +5.7400e-01 +8.8917e-01 +9.3114e-02 +2.2204e-01 +7.8496e-01 +3.6215e-01 +8.2416e-01 +6.3874e-01 +7.6490e-01 +7.5294e-01 +2.5570e-01 +6.9419e-01 +5.5087e-01 +3.2572e-02 +3.3407e-01 +6.2334e-01 +5.7186e-01
280 +3.905804522e+01 +3.905804522e+01 +5.607804522e+01 +5.607804522e+01 +4.9688e-01 +4.0176e-01 +7.5206e-01 +9.8207e-02 +0.0000e+00 +1.3159e-01 +1.1168e-01 +8.8704e-01 +1.2485e-01 +2.8078e-01 +1.0000e+00 +9.5121e-01 +0.0000e+00 +3.0745e-01 +2.8944e-01 +3.1800e-01 +6.0028e-01 +5.7871e-01 +6.7929e-01 +5.5148e-01
3879 +2.511458791e+01 +2.511458791e+01 +4.213458791e+01 +4.213458791e+01 +8.2184e-01 +5.1660e-01 +9.9872e-01 +2.5946e-01 +1.5395e-04 +1.9416e-01 +1.8927e-01 +9.4131e-01 +9.4749e-02 +4.0424e-01 +9.9379e-01 +9.9637e-01 +5.8431e-04 +6.3245e-01 +2.7927e-01 +4.0983e-01 +6.4232e-01 +6.2926e-01 +3.5870e-01 +4.3919e-01
% function evaluation | noise-free fitness - Fopt (-2.202000000000e+02) | best noise-free fitness - Fopt | measured fitness | best measured fitness | x1 | x2...
1 +5.965324752e+01 +5.965324752e+01 -1.605467525e+02 -1.605467525e+02 +1.9791e-01 +1.7894e-01 +4.2135e-01 +6.6077e-01 +5.8013e-01 +5.7191e-01 +7.7764e-01 +1.9550e-01 +2.2844e-01 +2.8862e-01 +5.2238e-02 +6.7697e-01 +9.8474e-02 +7.9599e-02 +7.0415e-01 +5.1367e-01 +7.7712e-01 +8.6398e-01 +5.9542e-01 +6.8961e-01
132 +3.855152450e+01 +3.855152450e+01 -1.816484755e+02 -1.816484755e+02 +8.5763e-01 +8.7386e-01 +4.4382e-01 +1.0000e+00 +8.8110e-02 +7.1730e-01 +2.5943e-01 +4.8223e-01 +4.3272e-01 +5.2943e-01 +6.4937e-01 +7.0328e-01 +6.4467e-01 +3.8825e-01 +9.0874e-01 +9.7989e-01 +9.8453e-01 +7.8703e-01 +4.0615e-01 +3.5645e-01
3381 +2.511778655e+01 +2.511778655e+01 -1.950822135e+02 -1.950822135e+02 +3.0549e-05 +5.4849e-01 +1.1553e-01 +7.3716e-01 +0.0000e+00 +8.6688e-01 +5.7299e-01 +8.7199e-01 +4.0214e-01 +4.2083e-01 +6.5229e-01 +6.3540e-01 +6.8349e-01 +7.0774e-01 +6.3798e-01 +4.8125e-01 +5.7009e-01 +5.9125e-01 +1.1477e-01 +3.7038e-01
% function evaluation | noise-free fitness - Fopt (-2.041000000000e+01) | best noise-free fitness - Fopt | measured fitness | best measured fitness | x1 | x2...
1 +4.668981728e+01 +4.668981728e+01 +2.627981728e+01 +2.627981728e+01 +4.2244e-01 +2.3688e-01 +7.7432e-01 +1.2102e-01 +5.3481e-01 +7.6843e-01 +4.6680e-01 +9.8323e-01 +3.6244e-01 +6.3750e-01 +9.8104e-01 +6.4757e-01 +3.9663e-01 +7.7335e-02 +7.6685e-01 +1.6802e-01 +2.4464e-01 +2.5167e-01 +8.1323e-01 +5.8316e-01
47 +3.600383690e+01 +3.600383690e+01 +1.559383690e+01 +1.559383690e+01 +0.0000e+00 +4.7722e-01 +1.0000e+00 +2.0673e-01 +3.1388e-01 +1.3353e-01 +8.6716e-01 +3.8530e-01 +8.9115e-01 +1.7793e-01 +1.0000e+00 +7.3910e-01 +2.3464e-01 +9.8242e-01 +3.5603e-01 +9.7552e-01 +0.0000e+00 +1.0000e+00 +6.0905e-01 +4.6277e-01
% function evaluation | noise-free fitness - Fopt (6.081000000000e+01) | best noise-free fitness - Fopt | measured fitness | best measured fitness | x1 | x2...
1 +6.369641599e+01 +6.369641599e+01 +1.245064160e+02 +1.245064160e+02 +6.4599e-01 +4.5974e-01 +9.3258e-01 +8.0454e-01 +8.3490e-01 +4.8519e-01 +7.8251e-01 +4.5833e-02 +9.0562e-01 +1.8265e-01 +4.1987e-01 +6.7794e-01 +4.1174e-01 +2.7688e-01 +5.9058e-01 +5.6506e-01 +3.2950e-01 +4.3582e-01 +3.8851e-01 +9.5960e-01
2 +5.717096710e+01 +5.717096710e+01 +1.179809671e+02 +1.179809671e+02 +6.4162e-01 +6.8885e-01 +9.7018e-01 +8.2848e-01 +4.0185e-02 +7.0708e-01 +7.0708e-01 +9.8457e-01 +3.2433e-01 +3.5420e-01 +9.5655e-01 +6.8969e-01 +1.3725e-01 +9.9653e-01 +6.8351e-01 +8.2806e-01 +4.6650e-01 +5.6730e-01 +1.3045e-01 +6.0755e-01
114 +3.934403786e+01 +3.934403786e+01 +1.001540379e+02 +1.001540379e+02 +8.8192e-01 +8.5513e-01 +7.6678e-01 +2.4454e-01 +6.8170e-01 +2.3312e-01 +3.0025e-02 +4.0538e-01 +5.2691e-01 +1.0000e+00 +8.3367e-01 +2.4813e-01 +6.8243e-01 +6.6943e-01 +8.8864e-02 +0.0000e+00 +2.2068e-01 +3.2359e-01 +8.6449e-01 +5.0000e-01
2352 +2.484839977e+01 +2.484839977e+01 +8.565839977e+01 +8.565839977e+01 +8.6419e-01 +9.9867e-01 +8.1603e-01 +2.5226e-02 +8.0564e-01 +2.0853e-01 +6.3600e-02 +2.6585e-01 +1.8208e-01 +1.0000e+00 +7.4795e-01 +2.1615e-01 +6.3435e-01 +5.5733e-01 +6.7511e-02 +9.7985e-05 +2.0833e-03 +5.3412e-01 +9.9986e-01 +4.4496e-01
% function evaluation | noise-free fitness - Fopt (-6.176300000000e+02) | best noise-free fitness - Fopt | measured fitness | best measured fitness | x1 | x2...
1 +1.431260250e+02 +1.431260250e+02 -4.745039750e+02 -4.745039750e+02 +3.7002e-01 +4.6375e-01 +4.1836e-01 +7.9488e-01 +6.1165e-01 +8.2522e-01 +2.7993e-01 +2.8764e-01 +8.1184e-01 +3.2363e-01 +9.1694e-01 +1.6841e-01 +6.3012e-01 +5.7572e-01 +4.8202e-01 +7.6277e-01 +8.8779e-02 +6.8543e-01 +8.3192e-01 +4.1989e-01
3 +8.563969847e+01 +8.563969847e+01 -5.319903015e+02 -5.319903015e+02 +9.2721e-01 +2.8008e-01 +5.6095e-03 +5.0085e-01 +1.7695e-02 +3.1139e-01 +4.5762e-01 +1.8061e-01 +7.0750e-01 +3.1405e-01 +1.4892e-01 +5.1977e-01 +4.6514e-04 +6.1512e-01 +1.2916e-01 +4.1302e-01 +4.9483e-01 +4.8586e-01 +4.9744e-01 +4.5318e-01
762 +6.193821957e+01 +6.193821957e+01 -5.556917804e+02 -5.556917804e+02 +4.0300e-01 +3.2533e-01 +5.4932e-03 +3.3652e-01 +3.4136e-02 +1.6501e-01 +6.5359e-01 +8.8825e-02 +7.1846e-01 +4.4685e-01 +0.0000e+00 +6.6686e-01 +0.0000e+00 +6.2520e-01 +7.4686e-05 +2.5874e-01 +4.8825e-01 +3.8453e-01 +4.6392e-01 +4.1630e-01
