% function evaluation | noise-free fitness - Fopt (-6.211100000000e+02) | best noise-free fitness - Fopt | measured fitness | best measured fitness | x1 | x2...
1 +5.954579854e+08 +5.954579854e+08 +5.954573643e+08 +5.954573643e+08 +7.0284e-01 +3.3164e-01 +5.1198e-01 +8.1219e-01 +3.5490e-01 +9.2960e-01 +8.7039e-01 +3.3085e-01 +4.0262e-01 +3.5337e-01 +5.7749e-01 +3.6533e-01 +6.6595e-01 +3.7779e-03 +3.6679e-01 +2.5655e-01 +3.9902e-01 +7.7311e-01 +5.7917e-02 +2.3893e-01
2 +3.461680782e+08 +3.461680782e+08 +3.461674571e+08 +3.461674571e+08 +3.9699e-01 +3.2728e-01 +9.4851e-01 +4.2103e-01 +1.0229e-01 +8.2601e-01 +9.9117e-02 +8.9798e-01 +9.6428e-02 +9.1184e-01 +2.1809e-01 +6.9523e-01 +8.9037e-01 +1.0633e-01 +5.7891e-01 +2.8642e-01 +8.8662e-01 +5.1815e-01 +9.2871e-01 +8.8957e-01
8 +2.087464400e+08 +2.087464400e+08 +2.087458189e+08 +2.087458189e+08 +4.7203e-01 +9.3265e-01 +2.8951e-02 +1.1103e-01 +1.1108e-01 +2.4252e-01 +8.2028e-02 +1.1601e-01 +1.5519e-01 +2.4534e-01 +1.3481e-01 +4.2181e-01 +5.6153e-01 +9.7272e-01 +3.7316e-01 +6.7902e-02 +3.4185e-02 +1.7988e-01 +1.1090e-02 +4.4160e-01
64 +1.503885663e+08 +1.503885663e+08 +1.503879452e+08 +1.503879452e+08 +0.0000e+00 +1.0000e+00 +0.0000e+00 +2.3253e-01 +0.0000e+00 +0.0000e+00 +8.2206e-01 +1.0000e+00 +0.0000e+00 +4.7749e-01 +9.6388e-01 +6.6311e-01 +8.8048e-01 +1.0000e+00 +6.8440e-01 +1.1953e-01 +1.0000e+00 +0.0000e+00 +1.0000e+00 +5.5308e-01
266 +9.948146112e+07 +9.948146112e+07 +9.948084001e+07 +9.948084001e+07 +5.4131e-02 +9.7842e-01 +3.0978e-02 +9.1093e-03 +6.5273e-02 +2.1963e-03 +8.3682e-03 +8.7030e-01 +9.1848e-01 +8.9650e-01 +0.0000e+00 +9.5328e-01 +1.0000e+00 +1.0000e+00 +9.4587e-01 +1.4281e-01 +8.0831e-01 +6.7998e-01 +9.7226e-01 +0.0000e+00
% function evaluation | noise-free fitness - Fopt (-2.548200000000e+02) | best noise-free fitness - Fopt | measured fitness | best measured fitness | x1 | x2...
1 +4.987248722e+08 +4.987248722e+08 +4.987246173e+08 +4.987246173e+08 +3.8854e-01 +9.8174e-01 +5.4419e-01 +8.6331e-01 +2.0212e-01 +1.5394e-01 +1.3273e-01 +4.5881e-01 +7.8631e-01 +2.4136e-01 +6.6908e-01 +5.1450e-01 +9.2271e-01 +1.2426e-01 +2.9349e-01 +7.0280e-01 +5.1058e-01 +7.3275e-01 +3.4306e-01 +2.1213e-01
30 +3.475797339e+08 +3.475797339e+08 +3.475794791e+08 +3.475794791e+08 +1.0000e+00 +8.5841e-01 +4.6873e-01 +2.5062e-01 +7.1109e-02 +4.7879e-01 +2.5058e-01 +1.0000e+00 +7.2246e-01 +0.0000e+00 +6.4524e-01 +1.0000e+00 +6.9785e-01 +2.7133e-01 +1.1344e-01 +5.1724e-01 +1.0000e+00 +6.2882e-01 +1.0239e-01 +4.6924e-01
174 +2.473345571e+08 +2.473345571e+08 +2.473343023e+08 +2.473343023e+08 +9.5595e-01 +8.8542e-01 +1.0000e+00 +2.2861e-01 +0.0000e+00 +1.6816e-01 +1.8143e-01 +1.0000e+00 +2.7472e-02 +9.9398e-01 +1.0000e+00 +5.7277e-01 +1.0000e+00 +0.0000e+00 +0.0000e+00 +2.7215e-01 +9.9760e-01 +1.2493e-01 +1.1082e-01 +9.1066e-01
% function evaluation | noise-free fitness - Fopt (5.661000000000e+01) | best noise-free fitness - Fopt | measured fitness | best measured fitness | x1 | x2...
1 +5.671758439e+08 +5.671758439e+08 +5.671759005e+08 +5.671759005e+08 +8.0793e-01 +7.6214e-01 +9.8400e-01 +6.8043e-01 +3.6212e-01 +1.0829e-01 +6.0889e-01 +4.5597e-01 +7.9862e-01 +3.9152e-01 +4.5977e-01 +4.5169e-02 +5.9672e-01 +5.5992e-01 +9.2504e-01 +8.8287e-01 +8.6642e-01 +4.8005e-01 +8.0332e-01 +7.5630e-01
2 +3.245586892e+08 +3.245586892e+08 +3.245587458e+08 +3.245587458e+08 +1.6281e-01 +6.0213e-01 +2.2205e-01 +6.9451e-02 +5.2688e-01 +1.6314e-01 +8.0903e-01 +3.7452e-01 +9.1665e-01 +9.2997e-01 +8.3530e-01 +1.2858e-01 +8.1411e-01 +8.7575e-01 +6.9667e-01 +1.8313e-01 +2.6647e-01 +2.3136e-01 +7.1103e-01 +8.8931e-01
24 +2.350585929e+08 +2.350585929e+08 +2.350586495e+08 +2.350586495e+08 +0.0000e+00 +7.3450e-01 +0.0000e+00 +3.3447e-01 +3.1216e-01 +6.8751e-01 +4.3756e-02 +3.5962e-01 +1.3862e-01 +7.1202e-01 +1.0000e+00 +9.4736e-01 +8.3508e-01 +2.3596e-01 +0.0000e+00 +6.7367e-01 +4.5165e-01 +0.0000e+00 +8.5223e-01 +1.7324e-01
% function evaluation | noise-free fitness - Fopt (-1.810000000000e+01) | best noise-free fitness - Fopt | measured fitness | best measured fitness | x1 | x2...
1 +2.509650086e+08 +2.509650086e+08 +2.509649905e+08 +2.509649905e+08 +1.5275e-01 +8.8789e-01 +8.0392e-02 +5.7463e-01 +3.6991e-02 +2.1356e-01 +9.2573e-01 +8.4284e-01 +8.7533e-01 +6.7287e-01 +5.7752e-01 +9.3980e-01 +5.2715e-01 +2.9368e-01 +5.2555e-01 +1.3528e-01 +7.5412e-01 +1.6168e-01 +1.9334e-01 +1.1524e-01
2 +1.434801009e+08 +1.434801009e+08 +1.434800828e+08 +1.434800828e+08 +7.0113e-01 +7.8086e-01 +4.5636e-01 +9.5400e-01 +1.3792e-01 +4.1060e-01 +8.0079e-01 +1.0853e-01 +5.5549e-01 +5.9798e-01 +5.9900e-02 +6.3007e-02 +5.4446e-01 +4.0057e-01 +3.9231e-01 +3.7769e-01 +5.3899e-02 +6.0947e-01 +8.2815e-01 +7.3057e-01
147 +9.889803505e+07 +9.889803505e+07 +9.889801695e+07 +9.889801695e+07 +0.0000e+00 +1.0000e+00 +3.9322e-01 +1.0000e+00 +8.2500e-02 +1.0000e+00 +9.5853e-01 +8.1100e-02 +7.0788e-01 +1.0000e+00 +4.5363e-02 +1.1669e-01 +2.9886e-01 +9.4166e-01 +1.0483e-01 +1.0000e+00 +0.0000e+00 +3.2798e-02 +9.7454e-01 +7.9705e-01
% function evaluation | noise-free fitness - Fopt (3.777000000000e+01) | best noise-free fitness - Fopt | measured fitness | best measured fitness | x1 | x2...
1 +1.621999639e+08 +1.621999639e+08 +1.622000017e+08 +1.622000017e+08 +4.9784e-01 +1.5884e-01 +8.5005e-01 +4.2529e-01 +6.2339e-01 +8.3589e-01 +7.2594e-01 +6.7149e-01 +7.7857e-02 +1.2771e-01 +3.1042e-01 +8.1214e-01 +9.8929e-01 +2.0954e-01 +7.3667e-01 +5.8485e-01 +3.8033e-01 +1.6529e-01 +2.7903e-01 +4.8371e-01
2 +1.504981507e+08 +1.504981507e+08 +1.504981885e+08 +1.504981885e+08 +1.5444e-01 +4.4737e-01 +2.7884e-01 +2.9375e-01 +6.1202e-01 +1.9772e-01 +3.0615e-01 +5.1520e-01 +8.9378e-01 +2.6102e-01 +1.7725e-01 +3.2775e-01 +9.6029e-01 +2.4813e-01 +4.6440e-01 +5.9202e-01 +8.7387e-01 +7.6147e-01 +3.4209e-01 +7.1432e-01
87 +9.872571206e+07 +9.872571206e+07 +9.872574983e+07 +9.872574983e+07 +0.0000e+00 +4.0809e-01 +0.0000e+00 +1.7453e-01 +0.0000e+00 +4.3456e-02 +0.0000e+00 +9.0587e-01 +8.6490e-01 +7.0300e-03 +0.0000e+00 +1.0514e-01 +6.8119e-01 +9.9805e-01 +4.8341e-01 +2.9999e-01 +3.3992e-01 +1.1832e-01 +3.1352e-01 +4.1584e-01
% function evaluation | noise-free fitness - Fopt (-6.720000000000e+01) | best noise-free fitness - Fopt | measured fitness | best measured fitness | x1 | x2...
1 +2.128715530e+08 +2.128715530e+08 +2.128714858e+08 +2.128714858e+08 +8.7599e-01 +3.9527e-01 +3.0570e-01 +8.0566e-01 +3.3074e-01 +7.9265e-01 +6.1871e-02 +4.1140e-01 +9.1021e-01 +5.0433e-01 +1.1268e-01 +4.2938e-01 +9.4912e-01 +9.0763e-01 +6.5530e-01 +6.4815e-01 +9.6466e-01 +6.1576e-01 +9.0803e-01 +5.0251e-02
35 +1.568609023e+08 +1.568609023e+08 +1.568608351e+08 +1.568608351e+08 +9.2948e-01 +2.1839e-01 +2.2073e-01 +4.7891e-01 +9.5980e-01 +5.7555e-01 +0.0000e+00 +3.2462e-01 +6.3024e-01 +4.9758e-01 +8.4988e-01 +8.9895e-01 +5.9969e-02 +6.8779e-01 +8.7878e-01 +8.1476e-01 +6.1477e-03 +4.7436e-01 +4.1125e-01 +2.8788e-01
% function evaluation | noise-free fitness - Fopt (-7.010000000000e+00) | best noise-free fitness - Fopt | measured fitness | best measured fitness | x1 | x2...
1 +2.792444110e+08 +2.792444110e+08 +2.792444040e+08 +2.792444040e+08 +5.2890e-01 +4.8470e-01 +5.0120e-01 +2.9153e-01 +8.7617e-01 +7.3680e-01 +8.4965e-01 +8.2525e-01 +5.6068e-01 +6.8515e-01 +6.1951e-01 +5.2201e-01 +1.9056e-01 +2.2701e-01 +7.7932e-01 +5.5477e-01 +5.1478e-01 +5.4058e-01 +8.6425e-01 +3.2481e-01
4 +2.395465572e+08 +2.395465572e+08 +2.395465502e+08 +2.395465502e+08 +8.9788e-01 +8.9767e-01 +6.5587e-01 +1.1737e-02 +9.4561e-01 +4.5854e-01 +7.6694e-02 +1.4155e-01 +7.3408e-01 +7.0506e-02 +5.7704e-01 +5.4733e-01 +3.3696e-01 +4.5658e-01 +1.2246e-01 +9.9697e-01 +2.5167e-01 +4.3613e-01 +4.3120e-01 +1.2610e-01
256 +1.570002037e+08 +1.570002037e+08 +1.570001967e+08 +1.570001967e+08 +2.5740e-01 +1.0000e+00 +2.4244e-03 +1.0000e+00 +9.8019e-01 +2.3127e-02 +6.0035e-02 +3.1487e-01 +0.0000e+00 +8.8421e-01 +2.7432e-04 +8.5417e-01 +9.7087e-01 +2.6629e-01 +8.5472e-01 +1.0000e+00 +9.4737e-01 +3.2650e-02 +1.0000e+00 +6.5164e-02
% function evaluation | noise-free fitness - Fopt (-1.297300000000e+02) | best noise-free fitness - Fopt | measured fitness | best measured fitness | x1 | x2...
1 +2.499458781e+08 +2.499458781e+08 +2.499457483e+08 +2.499457483e+08 +8.5085e-01 +5.1763e-02 +2.4680e-02 +2.6236e-01 +9.7742e-02 +7.7840e-01 +3.6384e-01 +2.0051e-01 +9.9428e-01 +7.2974e-01 +7.9020e-02 +2.5250e-01 +6.6210e-01 +5.7958e-01 +3.4075e-01 +2.6498e-01 +2.9930e-01 +1.0905e-01 +5.5629e-01 +2.7539e-01
87 +1.557911135e+08 +1.557911135e+08 +1.557909838e+08 +1.557909838e+08 +1.0000e+00 +1.3778e-01 +1.0000e+00 +3.1138e-03 +0.0000e+00 +1.0000e+00 +1.1094e-02 +0.0000e+00 +1.0000e+00 +0.0000e+00 +1.4182e-02 +0.0000e+00 +0.0000e+00 +4.8684e-01 +9.0409e-01 +1.0000e+00 +8.7019e-01 +0.0000e+00 +5.3184e-01 +0.0000e+00
% function evaluation | noise-free fitness - Fopt (1.000000000000e+03) | best noise-free fitness - Fopt | measured fitness | best measured fitness | x1 | x2...
1 +1.044715886e+08 +1.044715886e+08 +1.044725886e+08 +1.044725886e+08 +4.1752e-01 +5.7621e-01 +1.8679e-01 +3.3386e-01 +5.3614e-01 +7.3800e-01 +3.8596e-02 +1.0969e-01 +9.3879e-01 +1.5446e-01 +4.7342e-01 +6.4427e-01 +6.5632e-01 +9.5316e-01 +2.7812e-01 +7.5618e-01 +9.4036e-01 +5.5852e-01 +1.5321e-01 +6.9524e-02
12 +9.778551689e+07 +9.778551689e+07 +9.778651689e+07 +9.778651689e+07 +2.9069e-01 +1.6205e-01 +8.8147e-02 +9.9379e-01 +1.8304e-01 +9.5524e-01 +3.1204e-01 +7.1371e-01 +1.2862e-01 +4.6346e-01 +7.5227e-01 +6.8856e-01 +2.1049e-01 +1.0617e-01 +1.5694e-01 +5.7629e-01 +3.6808e-01 +9.6173e-01 +5.7121e-01 +1.0379e-01
68 +5.756603338e+07 +5.756603338e+07 +5.756703338e+07 +5.756703338e+07 +0.0000e+00 +5.7131e-01 +0.0000e+00 +0.0000e+00 +1.0000e+00 +9.1533e-01 +7.4149e-01 +2.6325e-01 +0.0000e+00 +1.0000e+00 +1.0000e+00 +7.0227e-01 +3.2805e-01 +1.0000e+00 +0.0000e+00 +9.9912e-01 +9.9314e-01 +0.0000e+00 +1.0000e+00 +0.0000e+00
% function evaluation | noise-free fitness - Fopt (-1.152000000000e+02) | best noise-free fitness - Fopt | measured fitness | best measured fitness | x1 | x2...
1 +4.475249863e+09 +4.475249863e+09 +4.475249748e+09 +4.475249748e+09 +6.4854e-01 +1.0668e-01 +5.0547e-01 +9.5928e-01 +8.3845e-01 +8.7556e-01 +1.6848e-01 +7.1256e-01 +6.1335e-01 +6.3464e-01 +2.8691e-01 +6.6415e-01 +8.4558e-01 +6.0771e-03 +3.0906e-01 +7.0111e-01 +5.2556e-01 +7.9962e-01 +3.3668e-01 +7.1506e-01
2 +3.261868796e+09 +3.261868796e+09 +3.261868681e+09 +3.261868681e+09 +6.1943e-01 +9.4878e-01 +7.0606e-01 +9.6878e-01 +6.9907e-01 +6.8387e-01 +2.3767e-02 +6.5834e-01 +2.3213e-02 +8.0410e-01 +8.5159e-01 +4.7704e-01 +5.0283e-01 +2.4726e-01 +8.5465e-01 +4.9268e-01 +5.4310e-01 +2.5712e-01 +7.4510e-01 +5.3010e-01
4 +2.012275856e+09 +2.012275856e+09 +2.012275741e+09 +2.012275741e+09 +1.1320e-01 +6.7760e-02 +1.5461e-01 +7.6940e-01 +2.3366e-02 +1.4500e-01 +7.2971e-01 +4.6526e-01 +5.1161e-01 +5.5949e-01 +7.7999e-01 +6.8335e-01 +1.5639e-01 +1.6427e-01 +4.0031e-01 +3.1732e-01 +1.3328e-01 +4.4813e-01 +9.0440e-01 +8.9468e-02
47 +1.489125051e+09 +1.489125051e+09 +1.489124936e+09 +1.489124936e+09 +1.1205e-01 +1.0832e-01 +1.0000e+00 +5.3089e-01 +0.0000e+00 +5.0000e-01 +9.5664e-01 +2.8922e-01 +9.2365e-01 +0.0000e+00 +5.3178e-01 +7.1083e-01 +4.3531e-01 +2.8553e-01 +0.0000e+00 +3.6051e-01 +8.5180e-01 +1.2031e-01 +1.2394e-01 +0.0000e+00
96 +9.448200653e+08 +9.448200653e+08 +9.448199501e+08 +9.448199501e+08 +0.0000e+00 +8.9945e-01 +0.0000e+00 +8.1974e-04 +0.0000e+00 +1.0000e+00 +0.0000e+00 +0.0000e+00 +9.1548e-01 +5.4549e-02 +0.0000e+00 +1.3516e-01 +1.8950e-01 +1.4737e-01 +3.5320e-01 +4.2926e-01 +2.3089e-01 +0.0000e+00 +0.0000e+00 +0.0000e+00
265 +6.281576677e+08 +6.281576677e+08 +6.281575525e+08 +6.281575525e+08 +0.0000e+00 +2.1562e-03 +6.5205e-01 +6.8435e-02 +0.0000e+00 +1.0000e+00 +0.0000e+00 +0.0000e+00 +1.7511e-01 +1.0000e+00 +0.0000e+00 +0.0000e+00 +8.5882e-02 +0.0000e+00 +9.9977e-01 +1.0000e+00 +1.0000e+00 +2.3652e-02 +0.0000e+00 +2.8911e-06
% function evaluation | noise-free fitness - Fopt (2.616400000000e+02) | best noise-free fitness - Fopt | measured fitness | best measured fitness | x1 | x2...
1 +4.197373549e+08 +4.197373549e+08 +4.197376165e+08 +4.197376165e+08 +6.1714e-01 +7.5277e-01 +3.0347e-01 +5.9174e-01 +4.0014e-01 +5.8337e-01 +3.2308e-01 +7.9530e-01 +1.1489e-01 +1.9235e-01 +8.0973e-01 +3.0893e-01 +9.7162e-02 +8.5755e-01 +6.0735e-02 +9.1744e-01 +7.9595e-01 +5.8309e-01 +5.5290e-01 +1.5052e-02
3 +2.087881643e+08 +2.087881643e+08 +2.087884259e+08 +2.087884259e+08 +5.8902e-01 +4.5131e-01 +8.8185e-01 +8.1197e-01 +5.1354e-01 +6.6441e-01 +4.5657e-01 +7.9509e-01 +5.9078e-01 +2.3835e-01 +5.3763e-02 +2.3405e-01 +3.8015e-01 +5.4543e-01 +9.8155e-01 +2.8380e-01 +9.6093e-01 +8.0534e-01 +7.9147e-01 +7.0777e-01
29 +1.567023950e+08 +1.567023950e+08 +1.567026566e+08 +1.567026566e+08 +7.5837e-01 +1.0687e-01 +3.3077e-01 +1.0000e+00 +3.6946e-01 +8.1377e-01 +8.6438e-01 +6.2242e-01 +8.0955e-01 +4.3515e-01 +0.0000e+00 +9.1988e-02 +5.1587e-01 +2.4914e-01 +3.4811e-01 +5.3325e-01 +5.4122e-01 +8.0912e-01 +3.5704e-01 +4.1479e-01
71 +9.734433639e+07 +9.734433639e+07 +9.734459803e+07 +9.734459803e+07 +1.0000e+00 +0.0000e+00 +0.0000e+00 +1.0000e+00 +7.4411e-01 +9.9900e-01 +8.8789e-01 +2.5840e-01 +1.0000e+00 +9.7184e-01 +1.0389e-01 +1.4798e-01 +2.3338e-01 +0.0000e+00 +7.0392e-01 +6.0395e-02 +9.1526e-01 +8.8965e-01 +6.9882e-01 +2.7985e-01
% function evaluation | noise-free fitness - Fopt (1.000000000000e+03) | best noise-free fitness - Fopt | measured fitness | best measured fitness | x1 | x2...
1 +2.238794770e+08 +2.238794770e+08 +2.238804770e+08 +2.238804770e+08 +7.7269e-01 +4.5225e-01 +5.1568e-01 +2.7400e-01 +7.5620e-01 +3.8427e-01 +1.2139e-01 +2.4684e-01 +4.2596e-01 +2.0110e-01 +4.4192e-01 +8.7437e-01 +4.7188e-01 +5.7372e-01 +7.0768e-01 +8.7185e-01 +4.7270e-01 +8.3758e-01 +9.7538e-01 +5.5894e-01
44 +1.562423585e+08 +1.562423585e+08 +1.562433585e+08 +1.562433585e+08 +3.0903e-01 +6.1324e-01 +0.0000e+00 +1.0000e+00 +0.0000e+00 +3.4629e-02 +0.0000e+00 +4.7194e-02 +1.0000e+00 +4.3561e-01 +4.7499e-01 +3.9760e-01 +6.0855e-01 +1.0000e+00 +9.5482e-01 +1.0000e+00 +5.7806e-01 +2.9834e-01 +0.0000e+00 +4.3949e-01
% function evaluation | noise-free fitness - Fopt (1.737000000000e+01) | best noise-free fitness - Fopt | measured fitness | best measured fitness | x1 | x2...
1 +2.158561546e+08 +2.158561546e+08 +2.158561719e+08 +2.158561719e+08 +1.4454e-01 +2.3434e-01 +7.6417e-01 +4.7206e-01 +8.7374e-01 +3.2528e-01 +2.7529e-01 +3.1768e-01 +4.6720e-01 +7.0072e-02 +4.4312e-01 +7.1587e-02 +8.9501e-01 +7.2367e-02 +9.0539e-02 +2.9485e-01 +6.9268e-01 +6.9965e-01 +6.0088e-01 +2.4038e-01
62 +1.485756729e+08 +1.485756729e+08 +1.485756902e+08 +1.485756902e+08 +1.8485e-03 +1.1066e-01 +8.2530e-01 +1.0000e+00 +1.4350e-01 +3.9456e-01 +0.0000e+00 +2.1264e-01 +1.3211e-01 +8.3402e-01 +7.9407e-01 +4.7309e-02 +1.0000e+00 +1.0000e+00 +8.5172e-01 +9.6285e-01 +0.0000e+00 +1.0000e+00 +2.8307e-01 +4.2247e-01
% function evaluation | noise-free fitness - Fopt (1.541700000000e+02) | best noise-free fitness - Fopt | measured fitness | best measured fitness | x1 | x2...
1 +1.496354311e+09 +1.496354311e+09 +1.496354465e+09 +1.496354465e+09 +5.3292e-01 +5.7691e-01 +4.6768e-01 +5.8844e-01 +2.1778e-01 +6.6286e-02 +4.9099e-01 +2.7397e-01 +2.9081e-01 +8.2742e-01 +2.5445e-01 +4.9089e-01 +2.0825e-01 +8.7299e-01 +3.6527e-01 +2.2521e-01 +2.6565e-01 +3.7471e-02 +6.7898e-01 +1.5171e-01
7 +9.193529127e+08 +9.193529127e+08 +9.193530669e+08 +9.193530669e+08 +6.7407e-01 +7.8199e-01 +2.7688e-01 +6.5659e-01 +4.9918e-01 +1.4401e-01 +1.9781e-01 +5.6750e-01 +9.6403e-01 +4.8478e-01 +3.2254e-01 +4.5577e-01 +9.0069e-01 +6.8433e-01 +7.7578e-01 +1.8061e-01 +4.4320e-01 +2.3369e-01 +1.9471e-01 +3.2255e-01
45 +5.649404080e+08 +5.649404080e+08 +5.649405621e+08 +5.649405621e+08 +0.0000e+00 +8.4702e-01 +0.0000e+00 +1.0000e+00 +5.5502e-01 +0.0000e+00 +2.5550e-01 +3.5206e-02 +9.8828e-01 +2.4270e-01 +0.0000e+00 +3.7014e-01 +8.9129e-01 +0.0000e+00 +5.9739e-01 +0.0000e+00 +1.0000e+00 +7.6323e-01 +3.0583e-01 +0.0000e+00
220 +3.967765106e+08 +3.967765106e+08 +3.967766648e+08 +3.967766648e+08 +2.2429e-02 +9.9642e-01 +0.0000e+00 +9.9998e-01 +1.0000e+00 +1.5094e-03 +0.0000e+00 +0.0000e+00 +3.1266e-01 +0.0000e+00 +0.0000e+00 +0.0000e+00 +1.0000e+00 +0.0000e+00 +1.0000e+00 +4.1051e-02 +1.0000e+00 +1.0000e+00 +0.0000e+00 +0.0000e+00
% function evaluation | noise-free fitness - Fopt (4.983000000000e+01) | best noise-free fitness - Fopt | measured fitness | best measured fitness | x1 | x2...
1 +1.447999863e+08 +1.447999863e+08 +1.448000361e+08 +1.448000361e+08 +7.2547e-01 +8.0456e-01 +4.3868e-01 +1.9688e-01 +2.4346e-01 +6.1979e-01 +3.9987e-02 +3.0602e-01 +7.9362e-01 +9.7849e-02 +7.9854e-02 +1.0608e-01 +7.5466e-01 +9.8621e-01 +1.0629e-01 +1.0798e-01 +9.4298e-01 +3.3180e-02 +4.9472e-02 +5.2652e-01
184 +9.999152827e+07 +9.999152827e+07 +9.999157810e+07 +9.999157810e+07 +0.0000e+00 +1.0797e-02 +3.7348e-03 +0.0000e+00 +0.0000e+00 +1.6158e-01 +0.0000e+00 +6.3000e-02 +1.3276e-01 +0.0000e+00 +1.0000e+00 +0.0000e+00 +5.6437e-03 +1.3315e-01 +0.0000e+00 +2.6445e-02 +3.8938e-01 +2.1123e-02 +0.0000e+00 +7.4966e-01
